219.43577003479004, 426.2763214111328, 237.64963817596436, 307.8704833984375, 232.20779609680176, 432.0948028564453, 134.6310896873474, 433.0220413208008, 149.12312126159668, 509.14295196533203, 253.707914352417, 468.5289001464844, 260.25665950775146, 319.1402816772461, 243.54997730255127, 447.3379135131836, 132.78300857543945, 441.56585693359375, 145.3816204071045, 545.2190017700195
217.68631744384766, 426.5801239013672, 236.97126960754395, 308.05450439453125, 231.48171997070312, 431.4775085449219, 133.4811511039734, 433.77967834472656, 148.85474157333374, 513.6183929443359, 253.48104572296143, 468.80455017089844, 259.93775367736816, 318.2963180541992, 243.5266170501709, 446.22962951660156, 132.507905960083, 441.49444580078125, 144.08653020858765, 547.2197341918945
213.34196853637695, 425.37792205810547, 236.71110439300537, 308.55371475219727, 232.17285442352295, 432.5377655029297, 134.0876293182373, 434.13944244384766, 148.70212125778198, 513.4479904174805, 253.59602642059326, 468.7910842895508, 260.76679039001465, 318.23314666748047, 243.9270534515381, 446.66839599609375, 133.07798385620117, 441.28082275390625, 145.38522863388062, 547.9791259765625
217.18224048614502, 426.8156051635742, 236.24137687683105, 308.5679244995117, 231.46912956237793, 432.1366500854492, 135.08044004440308, 433.6812973022461, 151.62492752075195, 508.0751419067383, 252.61798858642578, 468.04370880126953, 260.8468294143677, 317.44617462158203, 243.63308715820312, 446.49810791015625, 132.9480767250061, 442.7184295654297, 144.68855571746826, 544.2377853393555
212.4724407196045, 422.7819061279297, 236.45824337005615, 308.3864974975586, 231.54673385620117, 432.0663833618164, 134.15267610549927, 433.6996078491211, 149.47547721862793, 509.66285705566406, 252.82945919036865, 467.7157211303711, 261.05356216430664, 317.5884437561035, 243.63710117340088, 446.8267822265625, 132.4196743965149, 442.70153045654297, 145.54736852645874, 546.6947555541992
217.7607192993164, 426.50413513183594, 236.99943351745605, 307.97332763671875, 230.83237075805664, 431.7942810058594, 133.89587783813477, 433.56746673583984, 148.46510791778564, 506.57920837402344, 253.0347442626953, 467.4105453491211, 260.4096746444702, 318.17174911499023, 243.58094882965088, 447.08507537841797, 132.0099377632141, 442.9100799560547, 145.403883934021, 546.1228179931641
212.6034336090088, 425.74588775634766, 236.76245307922363, 309.0537643432617, 231.43686389923096, 432.64129638671875, 131.50366735458374, 433.82362365722656, 147.12125730514526, 510.2899169921875, 253.16560554504395, 469.4981384277344, 260.6706953048706, 318.82495880126953, 244.2612476348877, 447.4644470214844, 132.40014171600342, 441.86546325683594, 145.12115907669067, 547.2640228271484
213.0212860107422, 426.99119567871094, 236.91384506225586, 309.6535873413086, 232.3706817626953, 434.3504333496094, 133.54065942764282, 433.6311721801758, 147.51763582229614, 515.5089569091797, 253.52311611175537, 469.3079376220703, 260.6347007751465, 318.65453720092773, 243.46903896331787, 447.4992370605469, 131.9790759086609, 441.5831756591797, 146.2040877342224, 545.7749176025391
218.40041732788086, 427.38094329833984, 236.856595993042, 308.4987258911133, 230.66619491577148, 433.4649658203125, 130.61658096313477, 433.72692108154297, 144.9479203224182, 517.3862838745117, 254.4059362411499, 468.97544860839844, 261.03351402282715, 319.6182632446289, 242.39499378204346, 446.74705505371094, 130.15425634384155, 440.81539154052734, 144.4426589012146, 546.518440246582
218.08732414245605, 426.9098663330078, 236.5912103652954, 309.0523910522461, 231.945876121521, 434.55333709716797, 131.039204120636, 434.14417266845703, 143.01069736480713, 518.6581420898438, 254.0488862991333, 467.4959182739258, 261.2031774520874, 318.57715606689453, 242.96445751190186, 447.3126220703125, 131.28098821640015, 440.6155776977539, 144.43604564666748, 545.8600997924805
217.75126552581787, 427.3429489135742, 236.70020294189453, 309.3854331970215, 231.4475679397583, 434.718017578125, 132.98950004577637, 433.72005462646484, 143.00527954101562, 517.187614440918, 253.52960872650146, 467.8892135620117, 261.2312536239624, 317.6618003845215, 243.57151699066162, 446.5513610839844, 131.643159866333, 441.26747131347656, 144.2998652458191, 543.1548309326172
219.47329998016357, 432.86407470703125, 237.55999183654785, 310.2656555175781, 229.7625150680542, 434.17652130126953, 128.48386669158936, 433.0073928833008, 141.81656074523926, 515.7271575927734, 253.0517873764038, 470.71685791015625, 260.1048288345337, 319.1175842285156, 241.738450050354, 447.7252960205078, 129.7942452430725, 440.1384735107422, 143.7678656578064, 545.906982421875
217.6519021987915, 429.2847442626953, 237.13283920288086, 310.35486221313477, 229.99539375305176, 433.9278030395508, 129.97410821914673, 432.32837677001953, 142.94975233078003, 514.8684692382812, 252.72564315795898, 471.280517578125, 260.3512191772461, 318.4577941894531, 242.14921760559082, 447.46376037597656, 130.30322456359863, 439.9628448486328, 144.60393238067627, 546.7166137695312
218.94266033172607, 431.77589416503906, 238.6138792037964, 309.15637969970703, 229.85841274261475, 431.78783416748047, 129.27985906600952, 432.40123748779297, 141.88924074172974, 511.8021011352539, 252.78326511383057, 471.44359588623047, 260.4879150390625, 319.82982635498047, 241.17863750457764, 447.0155715942383, 130.21639680862427, 441.72916412353516, 144.89862251281738, 546.0079193115234
219.87987804412842, 430.9846496582031, 239.66287517547607, 309.96179580688477, 231.01436138153076, 431.6548156738281, 130.24868440628052, 431.8626403808594, 141.1430835723877, 517.1973419189453, 252.27287101745605, 470.74493408203125, 260.55417919158936, 321.7836380004883, 243.29694080352783, 448.20491790771484, 130.13695001602173, 441.3382339477539, 144.8093819618225, 547.896842956543
220.55936527252197, 433.3415222167969, 239.68586254119873, 310.0754928588867, 232.49840641021729, 431.24889373779297, 131.26736688613892, 431.4530563354492, 143.67310857772827, 512.5784301757812, 252.23742485046387, 472.5341033935547, 261.29201221466064, 320.5613708496094, 245.22858142852783, 448.07010650634766, 130.83722019195557, 441.17420196533203, 145.97171354293823, 546.721076965332
219.54682445526123, 430.9602737426758, 240.8948049545288, 309.5929527282715, 232.89886474609375, 431.3331985473633, 130.89849424362183, 431.04976654052734, 144.97738933563232, 506.54518127441406, 252.5531063079834, 471.79874420166016, 262.5217924118042, 320.5906677246094, 245.1230983734131, 448.47644805908203, 130.1257963180542, 441.0588073730469, 145.71316051483154, 546.8605804443359
219.4387969970703, 432.44712829589844, 239.78816509246826, 310.99939346313477, 234.38499355316162, 431.4935302734375, 131.69569301605225, 431.61651611328125, 146.82762002944946, 511.80126190185547, 252.32391262054443, 472.69248962402344, 263.2576513290405, 320.95035552978516, 247.3069200515747, 447.61802673339844, 132.13319873809814, 439.8398971557617, 146.20436191558838, 542.0140838623047
223.09378814697266, 430.2052688598633, 240.77594184875488, 309.37870025634766, 233.4693374633789, 429.60399627685547, 131.1483612060547, 430.0196838378906, 140.61992359161377, 510.7341003417969, 252.55312824249268, 471.6887664794922, 262.6868495941162, 320.97564697265625, 245.11057376861572, 446.9485855102539, 130.35461711883545, 439.67838287353516, 144.5560712814331, 542.0024871826172
219.89406967163086, 430.5436706542969, 241.2603874206543, 309.7014808654785, 232.9429750442505, 427.43717193603516, 129.87774991989136, 430.6940460205078, 144.3420672416687, 506.4371109008789, 252.3252067565918, 472.740478515625, 263.02613258361816, 321.9868469238281, 245.74035739898682, 445.1327133178711, 130.1385622024536, 440.2760314941406, 146.0607786178589, 542.082405090332
218.8790283203125, 432.3623275756836, 241.90504264831543, 311.2367248535156, 234.7685842514038, 429.3032455444336, 132.2784161567688, 429.4873809814453, 149.35760116577148, 506.84513092041016, 251.40358448028564, 473.42201232910156, 262.44934272766113, 321.17530822753906, 246.65474128723145, 446.4085006713867, 131.32367277145386, 439.37225341796875, 149.8556022644043, 540.0406646728516
222.18719100952148, 432.21397399902344, 243.26807498931885, 310.8516311645508, 235.2066822052002, 429.0024185180664, 133.74344396591187, 430.56514739990234, 149.78954648971558, 515.2875518798828, 251.25168800354004, 470.38440704345703, 260.35157012939453, 321.8242645263672, 244.1589231491089, 445.3603744506836, 130.21905088424683, 439.2750930786133, 151.68025732040405, 537.6309204101562
217.78824710845947, 428.43326568603516, 244.7567262649536, 310.1883316040039, 235.06713485717773, 430.2595901489258, 137.35514736175537, 429.4945526123047, 151.65655708312988, 513.2059478759766, 252.60375308990479, 470.604248046875, 263.0457420349121, 320.9751892089844, 246.3660831451416, 446.54396057128906, 131.60513639450073, 439.46319580078125, 151.96763229370117, 533.6837768554688
220.55736923217773, 431.6490173339844, 245.82427883148193, 310.5820846557617, 236.29581832885742, 433.5129928588867, 142.32071447372437, 431.2457275390625, 166.88625717163086, 516.3996124267578, 253.095458984375, 472.50267028808594, 263.7536344528198, 319.5054626464844, 246.6149082183838, 447.9661178588867, 132.65258598327637, 440.26721954345703, 151.68912982940674, 539.654541015625
225.61638832092285, 436.3332748413086, 245.13022708892822, 312.1254539489746, 235.94811248779297, 433.4440612792969, 141.2362174987793, 434.0606689453125, 168.95498847961426, 515.8982467651367, 252.91033172607422, 473.70052337646484, 264.41186714172363, 319.71609115600586, 246.72896766662598, 447.3543167114258, 131.54793119430542, 441.0106658935547, 150.69568300247192, 543.0153656005859
221.24106788635254, 433.60992431640625, 245.1683931350708, 311.363582611084, 235.52852725982666, 433.953857421875, 141.6938042640686, 436.0775375366211, 173.3452353477478, 520.1699066162109, 253.53454399108887, 473.05919647216797, 264.80938625335693, 320.03490447998047, 246.5937852859497, 448.2994079589844, 131.31850719451904, 442.30175018310547, 151.85296964645386, 542.569580078125
224.00652694702148, 434.85321044921875, 246.14182472229004, 311.236572265625, 235.11710166931152, 433.2047653198242, 140.3787865638733, 436.9629669189453, 178.91334342956543, 518.1184005737305, 252.7953290939331, 473.5602569580078, 264.12761783599854, 320.0409698486328, 246.3889389038086, 447.88536071777344, 131.04140853881836, 443.0137252807617, 152.36200380325317, 542.075309753418
220.28189373016357, 431.48033142089844, 247.287091255188, 310.9746742248535, 235.9881649017334, 433.4634780883789, 141.6450548171997, 434.6910858154297, 165.8034381866455, 515.6491851806641, 254.5607500076294, 471.4056396484375, 263.94481563568115, 319.8329162597656, 246.08926963806152, 448.15528869628906, 131.19259214401245, 444.6276092529297, 151.26472997665405, 544.8667144775391
225.19546508789062, 435.6349182128906, 247.40525245666504, 311.768856048584, 236.7381935119629, 434.18704986572266, 141.67911911010742, 437.9902648925781, 179.03586959838867, 520.1869964599609, 253.56924438476562, 472.9956817626953, 260.79633617401123, 321.0621643066406, 245.35571384429932, 448.2773971557617, 130.8280954360962, 444.60296630859375, 150.7860312461853, 547.0803833007812
227.40442371368408, 439.27356719970703, 247.95861625671387, 311.70032501220703, 236.27506828308105, 435.15785217285156, 141.14624214172363, 441.83372497558594, 170.78741931915283, 524.9287033081055, 252.94202709197998, 473.1935119628906, 261.53017711639404, 321.0603332519531, 244.95306205749512, 447.74059295654297, 131.39754819869995, 444.61421966552734, 151.05605602264404, 548.2221221923828
222.37501621246338, 436.9423294067383, 245.14055824279785, 311.67484283447266, 232.19821071624756, 434.0781021118164, 139.20332717895508, 441.40419006347656, 165.98191928863525, 525.037956237793, 251.19125843048096, 472.7402877807617, 261.95489501953125, 319.83301162719727, 242.48707485198975, 448.1913757324219, 131.7183952331543, 445.1081848144531, 150.93357372283936, 546.5070343017578
220.2900972366333, 434.9702835083008, 243.7839527130127, 311.03702545166016, 230.97020721435547, 433.8508605957031, 139.6454610824585, 441.66996002197266, 170.22624683380127, 525.4167938232422, 251.72255611419678, 471.9432067871094, 262.0655765533447, 319.01254653930664, 242.29587173461914, 448.4176254272461, 131.55561923980713, 445.4446029663086, 150.62611770629883, 547.9032135009766
226.72851181030273, 438.11553955078125, 244.9931583404541, 310.3556823730469, 233.40781116485596, 435.8266830444336, 140.48537731170654, 441.7317199707031, 169.70555448532104, 519.2626190185547, 253.15689754486084, 471.7803955078125, 261.56843090057373, 319.20385360717773, 242.3511905670166, 448.88790130615234, 131.6337389945984, 445.26222229003906, 150.99414587020874, 546.0371017456055
219.22276401519775, 434.61395263671875, 244.75600242614746, 309.6761703491211, 233.206693649292, 435.23014068603516, 141.45037508010864, 441.3896942138672, 170.49310207366943, 518.7602996826172, 252.0611810684204, 472.28466033935547, 262.06757259368896, 319.5149230957031, 242.68187522888184, 449.84039306640625, 131.24207639694214, 445.9334945678711, 150.73156785964966, 548.6193084716797
221.6824779510498, 433.6941146850586, 244.18895149230957, 309.22582626342773, 231.76838207244873, 435.5763626098633, 140.0043535232544, 443.26637268066406, 180.42007970809937, 524.0256881713867, 253.29688358306885, 470.50140380859375, 262.9771089553833, 319.1725158691406, 241.6279878616333, 449.40250396728516, 131.0290265083313, 446.67877197265625, 149.50026321411133, 549.1579437255859
218.12906551361084, 433.00296783447266, 243.23118114471436, 309.4219398498535, 231.77684879302979, 434.7450256347656, 140.76190567016602, 443.65638732910156, 176.94269227981567, 526.9695281982422, 253.31579113006592, 471.9948196411133, 261.82420921325684, 320.83927154541016, 241.93414974212646, 448.84864807128906, 131.8773546218872, 446.75342559814453, 150.83663415908813, 547.9643630981445
219.30701446533203, 435.9235382080078, 242.47345352172852, 309.4508361816406, 231.7661008834839, 434.54620361328125, 140.49442529678345, 444.28306579589844, 174.93537759780884, 524.7529220581055, 252.4448595046997, 474.20875549316406, 262.212779045105, 321.43226623535156, 242.58599948883057, 448.17813873291016, 131.95672464370728, 445.9029006958008, 153.6217794418335, 545.3176116943359
219.91990852355957, 434.4064712524414, 243.04877376556396, 309.7019577026367, 231.48773002624512, 435.2825927734375, 143.61893033981323, 443.0361557006836, 175.04875707626343, 525.6001663208008, 253.9538221359253, 472.7344512939453, 260.14650440216064, 321.0380172729492, 240.87677478790283, 449.3641662597656, 130.58752870559692, 445.7078552246094, 149.24477005004883, 546.7374801635742
218.1697759628296, 435.1247024536133, 238.46799278259277, 311.24202728271484, 229.48414421081543, 435.5019760131836, 140.93213939666748, 444.0514373779297, 174.69429540634155, 525.9079742431641, 253.72394847869873, 473.0113983154297, 260.30004596710205, 320.89332580566406, 240.0943489074707, 449.6000671386719, 131.4591841697693, 445.9965515136719, 147.9209566116333, 547.6411056518555
217.0978364944458, 435.92010498046875, 238.70668411254883, 312.05013275146484, 229.635009765625, 437.39280700683594, 137.68870544433594, 442.02850341796875, 176.74796867370605, 520.9667205810547, 255.2884931564331, 473.5972213745117, 260.83213329315186, 321.21612548828125, 239.87721920013428, 451.9801712036133, 129.8538522720337, 446.9232177734375, 148.91098165512085, 549.6266555786133
218.06231880187988, 435.3812026977539, 237.04242515563965, 310.9758949279785, 230.2346773147583, 435.4305648803711, 139.7399549484253, 444.18155670166016, 175.3329734802246, 525.216178894043, 253.5255947113037, 472.6311492919922, 257.5960912704468, 320.20076751708984, 239.14300537109375, 449.2142105102539, 130.09586668014526, 446.33846282958984, 147.7055926322937, 546.6897583007812
213.16315841674805, 434.85103607177734, 235.50790882110596, 311.44702911376953, 230.04209232330322, 435.50785064697266, 138.37033128738403, 441.5645980834961, 169.80838346481323, 524.4979095458984, 251.5414867401123, 473.8778305053711, 257.35891342163086, 321.9841003417969, 240.4758996963501, 450.17765045166016, 130.07451343536377, 446.2337875366211, 150.12651538848877, 546.151237487793
211.60243034362793, 429.9383544921875, 234.83638381958008, 309.7528648376465, 230.8500280380249, 434.5597839355469, 138.9144606590271, 441.40514373779297, 174.2138090133667, 522.9145431518555, 253.4568738937378, 472.96321868896484, 254.99463653564453, 322.0635986328125, 240.8134059906006, 447.21763610839844, 130.1637978553772, 446.7388916015625, 148.2184762954712, 545.0825119018555
218.30960845947266, 434.2084503173828, 233.74742317199707, 310.40531158447266, 231.34759044647217, 435.2629089355469, 139.7462501525879, 441.9076156616211, 177.0437774658203, 521.6011810302734, 252.87205600738525, 473.22998046875, 251.1295347213745, 322.79998779296875, 240.75418281555176, 449.0399169921875, 130.53278017044067, 446.7062759399414, 150.51453685760498, 546.2239456176758
214.91721725463867, 432.9795837402344, 231.47053337097168, 310.17724990844727, 231.58178520202637, 436.91383361816406, 143.6626238822937, 442.2347640991211, 183.45854663848877, 523.0202102661133, 253.89593696594238, 474.1648483276367, 250.52762985229492, 322.7925109863281, 240.38395023345947, 450.47943115234375, 132.8662829399109, 446.34586334228516, 149.0290880203247, 543.342170715332
219.1271514892578, 437.31433868408203, 228.51944255828857, 310.06031036376953, 232.95495128631592, 439.1666793823242, 141.76003551483154, 439.9585723876953, 174.68341588974, 518.4661102294922, 252.72856044769287, 472.60196685791016, 249.37920475006104, 320.2194595336914, 242.89336776733398, 450.95760345458984, 132.4170422554016, 445.38238525390625, 148.4001269340515, 539.4096755981445
216.6825942993164, 438.5464096069336, 226.2535858154297, 310.84768295288086, 229.94033813476562, 437.65880584716797, 140.85660791397095, 441.8132019042969, 184.21392726898193, 516.3484954833984, 252.70583629608154, 474.6238708496094, 247.05653762817383, 320.36048889160156, 239.52078342437744, 449.31949615478516, 131.14772510528564, 446.5599060058594, 147.66658210754395, 542.9602813720703
222.24928760528564, 437.71278381347656, 226.6969699859619, 311.11194610595703, 231.8237886428833, 437.8080368041992, 141.51282262802124, 442.6654052734375, 177.62783861160278, 520.8205413818359, 254.38922214508057, 475.0248718261719, 243.65651321411133, 321.5620422363281, 239.04155826568604, 451.72767639160156, 131.25758409500122, 449.4526672363281, 152.87238693237305, 548.1589508056641
225.1524076461792, 438.4877014160156, 222.82234859466553, 310.8993911743164, 228.3347978591919, 434.57061767578125, 139.41456747055054, 442.73345947265625, 173.6205244064331, 517.3453521728516, 253.3467845916748, 474.3320846557617, 241.1597080230713, 318.45495223999023, 236.29996395111084, 448.41434478759766, 130.7017526626587, 449.05216217041016, 150.8659496307373, 546.7385101318359
216.7215061187744, 430.5830383300781, 219.08964347839355, 310.40599822998047, 226.20675563812256, 434.7693634033203, 136.7284345626831, 443.3561706542969, 162.50354480743408, 521.3199996948242, 255.51027297973633, 474.0565490722656, 238.76318740844727, 319.55841064453125, 235.7388572692871, 449.02801513671875, 129.93301391601562, 450.34679412841797, 150.1274914741516, 546.8455123901367
215.04193687438965, 434.8297882080078, 218.80528450012207, 310.6257629394531, 225.9980926513672, 436.14437103271484, 139.27893543243408, 442.58167266845703, 173.53168964385986, 524.4186401367188, 254.95315837860107, 474.8512649536133, 235.21795654296875, 320.7598114013672, 232.96392250061035, 448.8050842285156, 128.71738147735596, 449.3562698364258, 145.8569302558899, 550.1816940307617
219.15130138397217, 437.17235565185547, 216.6847438812256, 310.2824020385742, 223.05439376831055, 434.12147521972656, 137.77021408081055, 444.8301696777344, 174.29967164993286, 527.2837066650391, 255.1668004989624, 471.90006256103516, 230.83932399749756, 320.6214141845703, 230.42059421539307, 447.11673736572266, 127.05960416793823, 450.90240478515625, 145.0236930847168, 552.1990966796875
220.0133934020996, 438.5832977294922, 212.49733638763428, 315.2901077270508, 226.86551475524902, 437.87445068359375, 140.756685256958, 444.4926071166992, 172.83542251586914, 526.9243621826172, 254.4425449371338, 475.23643493652344, 226.8989429473877, 323.03802490234375, 233.59276294708252, 450.2217102050781, 128.03572273254395, 450.10425567626953, 145.58373594284058, 549.599723815918
215.83482551574707, 436.73431396484375, 209.5229730606079, 314.05054092407227, 226.8890504837036, 436.1886215209961, 139.86707639694214, 445.5718231201172, 168.70803880691528, 530.0574493408203, 256.04584789276123, 473.69178771972656, 226.58155059814453, 322.85648345947266, 235.7591028213501, 448.76861572265625, 129.00894594192505, 451.4573287963867, 147.26836109161377, 551.0202026367188
218.01869106292725, 433.4527587890625, 209.9308671951294, 311.959285736084, 225.1120262145996, 433.33812713623047, 139.63251972198486, 443.5445022583008, 187.70458507537842, 525.2213287353516, 257.2796640396118, 470.9016799926758, 221.71779251098633, 322.4378204345703, 231.28343200683594, 446.63196563720703, 127.17795181274414, 450.4931640625, 149.17598342895508, 549.3511962890625
223.4836301803589, 440.04371643066406, 206.52215671539307, 313.88647079467773, 224.66041660308838, 436.8521499633789, 138.0673828125, 444.6198272705078, 189.27220058441162, 522.314567565918, 256.4133825302124, 471.2320327758789, 219.38185501098633, 320.7807922363281, 228.98252391815186, 447.7376174926758, 125.81483173370361, 449.4156265258789, 147.68872499465942, 550.4967498779297
213.04161930084229, 432.2298812866211, 205.0471487045288, 311.98583602905273, 225.87179374694824, 436.0895538330078, 138.78464126586914, 444.16778564453125, 172.32087182998657, 529.9283599853516, 254.98279190063477, 472.57213592529297, 217.7221803665161, 320.4393768310547, 232.1890640258789, 447.81005859375, 127.7047529220581, 448.80077362060547, 146.36676502227783, 546.4351654052734
211.63531017303467, 429.7216033935547, 202.80807399749756, 310.9260940551758, 225.9728021621704, 433.49708557128906, 139.04469680786133, 446.2938690185547, 178.65900182724, 534.6768951416016, 255.83970737457275, 472.6932144165039, 215.71462440490723, 319.3142318725586, 233.88916397094727, 445.3867721557617, 128.99144220352173, 450.4415512084961, 148.51270580291748, 549.3759918212891
215.3846197128296, 437.14874267578125, 203.59973430633545, 311.3078308105469, 227.5112886428833, 434.95983123779297, 139.6984658241272, 444.73472595214844, 188.7181568145752, 525.9160614013672, 255.19735527038574, 473.35906982421875, 214.38352870941162, 318.6153793334961, 234.9482717514038, 446.37142181396484, 129.47846508026123, 449.6388244628906, 145.6373109817505, 548.1854248046875
218.2668800354004, 439.5097351074219, 201.4073143005371, 313.57662200927734, 227.7622194290161, 436.7169952392578, 139.27715873718262, 445.4216003417969, 175.98712635040283, 533.0573654174805, 255.68037509918213, 472.69500732421875, 215.720853805542, 319.8385238647461, 237.4751272201538, 447.3952102661133, 129.25884580612183, 449.6259307861328, 146.62072277069092, 543.4575271606445
198.76490783691406, 428.75804901123047, 196.63480377197266, 313.992977142334, 222.61320304870605, 434.2833709716797, 134.61114025115967, 446.40201568603516, 164.91297388076782, 539.8017120361328, 253.66198348999023, 473.7546920776367, 215.02835941314697, 319.28014755249023, 234.42862129211426, 441.58103942871094, 132.0155529975891, 449.38018798828125, 151.08540439605713, 544.366340637207
217.85102367401123, 441.5300750732422, 199.427659034729, 315.484676361084, 226.5141019821167, 436.9554901123047, 136.7911672592163, 445.59398651123047, 159.52017736434937, 539.3563079833984, 255.1515998840332, 473.36212158203125, 214.066575050354, 320.94512939453125, 237.03477001190186, 445.1876449584961, 131.57745504379272, 450.22308349609375, 152.8845386505127, 544.7038650512695
209.5140676498413, 435.1178741455078, 198.29197788238525, 314.90970611572266, 225.16458129882812, 434.7793197631836, 134.86894750595093, 445.97877502441406, 158.66204452514648, 539.361686706543, 256.53369331359863, 471.3072204589844, 213.19726657867432, 320.6936264038086, 237.00853633880615, 443.02490234375, 132.55865144729614, 450.3914260864258, 153.1035327911377, 541.3709259033203
207.45586490631104, 432.04734802246094, 196.0005235671997, 315.1881790161133, 222.85088539123535, 433.7917709350586, 135.78324365615845, 446.4265823364258, 164.82704544067383, 540.9893798828125, 257.95926094055176, 470.54386138916016, 214.59975910186768, 318.8381004333496, 232.98114109039307, 441.6737747192383, 132.13543605804443, 449.46815490722656, 148.25453662872314, 541.453971862793
215.80212116241455, 431.00154876708984, 199.9335126876831, 312.525577545166, 228.2737979888916, 433.2797622680664, 137.5228476524353, 445.56495666503906, 171.30625820159912, 534.7380447387695, 258.81005668640137, 469.22374725341797, 214.79041385650635, 320.7369613647461, 237.35163593292236, 444.75650787353516, 131.02089977264404, 450.2033996582031, 152.33874225616455, 544.1306304931641
215.83642673492432, 428.4059524536133, 200.0709104537964, 311.9350051879883, 224.73238372802734, 429.68822479248047, 136.92529678344727, 446.91463470458984, 171.41695070266724, 536.4243698120117, 259.8560256958008, 468.18077087402344, 214.67119979858398, 322.67860412597656, 236.1457862854004, 443.5193634033203, 130.81895971298218, 451.50062561035156, 153.93752670288086, 544.3891143798828
220.98235034942627, 430.4173278808594, 200.37270736694336, 312.5461196899414, 226.24832153320312, 430.72444915771484, 139.0082197189331, 446.0538864135742, 169.32233667373657, 534.9996185302734, 264.40331268310547, 462.42748260498047, 214.88308715820312, 320.61840057373047, 236.29307651519775, 443.45489501953125, 132.48077297210693, 450.98663330078125, 148.47573518753052, 543.8764572143555
234.08495140075684, 433.1178665161133, 201.72214031219482, 312.25337982177734, 226.506929397583, 428.6833953857422, 141.48406648635864, 458.3479690551758, 173.82515144348145, 531.7802810668945, 265.97568798065186, 464.83592987060547, 213.637601852417, 322.3765563964844, 235.8365535736084, 442.9118347167969, 133.36050033569336, 451.16661071777344, 147.79321002960205, 544.0830230712891
232.015474319458, 431.18499755859375, 203.9270191192627, 310.8284378051758, 224.67362117767334, 428.25416564941406, 139.47381258010864, 444.68177795410156, 186.00233554840088, 525.5345916748047, 275.53814697265625, 459.9312973022461, 215.89117527008057, 322.8010559082031, 236.08948040008545, 444.7639465332031, 130.5260133743286, 450.62259674072266, 144.6174659729004, 548.1350708007812
218.37894344329834, 425.44960021972656, 204.26496410369873, 310.5106735229492, 232.12242698669434, 430.8848190307617, 141.21338367462158, 441.4455795288086, 178.56894969940186, 514.0631103515625, 284.89575958251953, 458.44154357910156, 217.19404125213623, 322.5878143310547, 239.58516120910645, 447.49874114990234, 130.3912696838379, 450.70362091064453, 152.49200963974, 548.4693145751953
235.8179531097412, 426.28692626953125, 206.63294792175293, 311.00046157836914, 234.57202911376953, 430.78094482421875, 140.62335634231567, 439.17510986328125, 170.48125743865967, 517.8300857543945, 294.0101623535156, 458.12191009521484, 220.43284702301025, 322.36095428466797, 244.53718376159668, 449.08485412597656, 131.00267219543457, 450.6074523925781, 153.8408613204956, 548.962516784668
257.8074960708618, 428.10062408447266, 207.83629703521729, 312.67642974853516, 238.91324138641357, 433.99375915527344, 142.05272960662842, 440.6345748901367, 159.4954571723938, 529.8959350585938, 300.8596296310425, 456.8814468383789, 221.03010177612305, 322.8164291381836, 250.01894664764404, 450.82679748535156, 132.8358817100525, 450.509033203125, 156.75199842453003, 549.3745040893555
278.8944339752197, 423.96827697753906, 210.90802764892578, 312.3472595214844, 240.51349544525146, 432.1000671386719, 145.56702184677124, 436.4277648925781, 169.63476085662842, 521.226692199707, 304.82479667663574, 451.3039016723633, 221.05626964569092, 319.2855453491211, 250.7311601638794, 449.40921783447266, 131.2059941291809, 449.15523529052734, 155.19782876968384, 548.1181716918945
276.92743492126465, 425.0300598144531, 210.6595754623413, 310.65460205078125, 234.6201753616333, 429.53407287597656, 147.52206659317017, 437.79064178466797, 183.38880586624146, 519.8699188232422, 309.42413425445557, 447.22705841064453, 224.746750831604, 318.4086036682129, 246.35638809204102, 445.8772659301758, 131.2181568145752, 451.0192108154297, 150.31259679794312, 547.7187347412109
286.55155181884766, 425.0474166870117, 214.3565492630005, 311.314754486084, 235.56125354766846, 432.3781204223633, 140.07659482955933, 437.25337982177734, 161.40887022018433, 520.9619140625, 314.24086475372314, 448.69312286376953, 224.81928825378418, 319.0488815307617, 247.46302795410156, 451.10687255859375, 130.5863003730774, 448.8602828979492, 155.89369010925293, 548.6626052856445
279.2243070602417, 423.4647750854492, 213.95887660980225, 311.24719619750977, 234.6158323287964, 430.7705307006836, 141.34280824661255, 436.7718505859375, 166.85886096954346, 518.7531280517578, 313.9608488082886, 449.5592498779297, 227.36566543579102, 319.2855453491211, 247.41086769104004, 450.8784866333008, 130.68784618377686, 449.4060516357422, 156.46611499786377, 549.521369934082
279.8271551132202, 429.54010009765625, 214.512788772583, 311.4262390136719, 233.92583847045898, 431.1004638671875, 140.59522533416748, 436.86256408691406, 167.2865948677063, 515.8568572998047, 314.06359004974365, 451.2371826171875, 229.18041706085205, 318.46431732177734, 246.6228485107422, 450.9187698364258, 130.41127395629883, 450.1824951171875, 155.75793743133545, 549.6974563598633
286.3193311691284, 429.0077590942383, 217.6885986328125, 310.6585693359375, 238.85162734985352, 431.3877487182617, 145.64297008514404, 434.2057800292969, 168.18084287643433, 519.2069244384766, 313.5122661590576, 453.6994171142578, 228.64718914031982, 318.4710121154785, 248.8603219985962, 450.1827621459961, 129.96047592163086, 449.9446105957031, 155.63394165039062, 550.5055999755859
285.0357675552368, 430.5830383300781, 216.83738613128662, 311.3665199279785, 235.98228645324707, 430.07843017578125, 139.42799139022827, 436.7703628540039, 163.15842151641846, 516.8193817138672, 313.8017358779907, 451.25545501708984, 231.23116207122803, 317.92713165283203, 249.21008968353271, 448.60950469970703, 130.33505153656006, 450.709228515625, 155.76982593536377, 550.2183151245117
287.5187759399414, 435.46031951904297, 217.78436470031738, 310.5983543395996, 237.91533088684082, 433.1675720214844, 143.10837173461914, 435.18619537353516, 164.1138777732849, 516.8122100830078, 312.436861038208, 452.9323196411133, 230.51934337615967, 316.3662338256836, 249.07150745391846, 448.2664489746094, 130.78827333450317, 450.12516021728516, 154.65329360961914, 548.9724731445312
272.3974323272705, 435.0555419921875, 218.6115369796753, 311.0662841796875, 233.52884578704834, 430.85174560546875, 141.90643739700317, 437.3166275024414, 164.91822719573975, 517.3078155517578, 310.41289806365967, 453.74744415283203, 232.5183229446411, 319.68591690063477, 246.9092254638672, 448.3787536621094, 130.85673093795776, 451.23992919921875, 153.36063814163208, 549.8064422607422
281.86272144317627, 431.8741989135742, 220.44350719451904, 309.4343566894531, 234.66884803771973, 431.1676025390625, 142.43533325195312, 435.95184326171875, 170.64114904403687, 515.0910568237305, 311.18393993377686, 452.789306640625, 233.8509979248047, 316.1668014526367, 249.02458953857422, 446.58721923828125, 130.8845329284668, 451.59549713134766, 151.7446460723877, 549.9951934814453
270.2347116470337, 432.0332336425781, 219.67389106750488, 309.0326499938965, 233.9049129486084, 429.41394805908203, 142.04383516311646, 435.689697265625, 172.36516857147217, 512.0371627807617, 312.1726598739624, 454.1679000854492, 233.23895931243896, 319.3009948730469, 248.09715461730957, 448.19095611572266, 130.3577756881714, 451.9316101074219, 153.69975662231445, 547.7421951293945
271.43707370758057, 433.5697937011719, 219.31475734710693, 310.28162002563477, 234.94182300567627, 430.7912826538086, 141.58789348602295, 436.30470275878906, 169.75383234024048, 512.5017166137695, 312.88263607025146, 454.7203826904297, 235.14710807800293, 319.60729598999023, 249.19532775878906, 448.3993148803711, 131.22467136383057, 451.31580352783203, 153.93307399749756, 547.8090667724609
283.5356664657593, 432.54798889160156, 220.40005493164062, 309.2587661743164, 236.4255828857422, 431.61170959472656, 140.01758003234863, 439.1366195678711, 164.34680032730103, 518.5129547119141, 312.124228477478, 454.0632629394531, 235.5128002166748, 313.66588592529297, 250.3890037536621, 446.1270523071289, 131.35932731628418, 450.31238555908203, 153.14211559295654, 548.4584808349609
271.98620414733887, 434.60018157958984, 219.98180770874023, 309.99317169189453, 235.4302167892456, 431.62010192871094, 142.2398419380188, 438.15685272216797, 176.61034059524536, 516.2082672119141, 312.4990234375, 455.1495361328125, 238.0240821838379, 316.4468765258789, 251.0109348297119, 446.92996978759766, 131.92342805862427, 451.0693359375, 152.2889289855957, 548.8315963745117
271.74437618255615, 433.5515594482422, 221.31529426574707, 308.5160827636719, 235.25355625152588, 430.61450958251953, 139.06974601745605, 438.94031524658203, 160.37151050567627, 518.1792068481445, 312.9773931503296, 455.60394287109375, 239.1963062286377, 316.033992767334, 251.08910942077637, 447.1542739868164, 131.96253728866577, 450.13816833496094, 153.55455017089844, 546.2279510498047
282.0874843597412, 434.4786071777344, 223.1151523590088, 308.55077743530273, 236.53760242462158, 429.6527099609375, 140.75546789169312, 437.41859436035156, 174.67370986938477, 517.6621627807617, 312.67943477630615, 453.82476806640625, 240.06100845336914, 313.71631622314453, 250.2243413925171, 445.13668060302734, 131.21202611923218, 449.8455047607422, 150.1691780090332, 547.780876159668
262.30602264404297, 435.0240707397461, 223.94131565093994, 308.48352432250977, 237.00803184509277, 429.1749572753906, 143.64260864257812, 435.5546569824219, 170.0210165977478, 516.3083648681641, 313.9137773513794, 454.3457794189453, 241.16098022460938, 316.05377197265625, 249.8764820098877, 445.5200958251953, 133.34623193740845, 449.46372985839844, 150.92214584350586, 548.7612152099609
275.8139953613281, 428.9350891113281, 225.24025535583496, 307.1932029724121, 238.9102144241333, 427.5537872314453, 145.36184644699097, 435.57666778564453, 171.62844324111938, 518.037109375, 310.51109886169434, 452.98805236816406, 240.28822803497314, 316.97437286376953, 249.68334865570068, 444.90055084228516, 133.68357372283936, 450.7343292236328, 150.66200256347656, 548.6915969848633
262.0346927642822, 431.53106689453125, 223.04594898223877, 308.14624786376953, 236.72237873077393, 427.6070785522461, 144.38163709640503, 439.32605743408203, 162.530348777771, 526.0907745361328, 310.421781539917, 451.2076187133789, 240.16912364959717, 315.3805923461914, 253.8994026184082, 443.9593505859375, 133.98174047470093, 449.4883728027344, 152.5863389968872, 548.2548904418945
260.39473724365234, 433.8229751586914, 222.96726989746094, 307.739315032959, 234.6640224456787, 427.8688049316406, 139.35697841644287, 441.5805435180664, 162.79949617385864, 527.3508453369141, 311.0894241333008, 453.63258361816406, 241.0713119506836, 315.56583404541016, 249.2912254333496, 444.29065704345703, 133.37487840652466, 450.64109802246094, 152.82433938980103, 548.4140777587891
260.33277225494385, 433.9215087890625, 222.66106414794922, 308.0585289001465, 235.4363145828247, 428.40110778808594, 143.47704696655273, 435.44322967529297, 164.44588947296143, 517.966423034668, 312.5612735748291, 453.8350296020508, 240.58357620239258, 317.44693756103516, 248.92724418640137, 445.97705841064453, 134.4215383529663, 451.13155364990234, 153.36358833312988, 547.547492980957
266.8003158569336, 433.20934295654297, 222.8099775314331, 308.5018539428711, 237.53121376037598, 428.75438690185547, 143.85695266723633, 437.1244812011719, 166.4975118637085, 519.5546340942383, 311.4042282104492, 454.4516372680664, 237.49995708465576, 317.2789001464844, 250.6592149734497, 445.94005584716797, 133.9016466140747, 449.8663330078125, 149.46853494644165, 547.760009765625
275.1041946411133, 427.95162200927734, 221.17339992523193, 308.566951751709, 235.3631410598755, 429.89662170410156, 141.67623472213745, 436.0199737548828, 162.69070100784302, 513.204460144043, 309.9300537109375, 451.9717788696289, 232.4401044845581, 320.1371383666992, 246.6502447128296, 448.9979934692383, 131.19845962524414, 451.60491943359375, 152.57914447784424, 548.1845855712891
254.30345821380615, 436.0847473144531, 218.41487216949463, 309.4236373901367, 236.1948757171631, 430.9686279296875, 144.67038297653198, 438.52989196777344, 175.05018281936646, 517.2980880737305, 306.5887041091919, 451.3336944580078, 230.14149951934814, 319.12059783935547, 247.48426055908203, 447.31685638427734, 132.00090074539185, 451.23477935791016, 151.40117359161377, 546.1252593994141
272.89889907836914, 433.16261291503906, 214.0011444091797, 312.03344345092773, 236.65795707702637, 432.34302520751953, 143.842848777771, 434.9462890625, 167.5925703048706, 511.58626556396484, 308.14057064056396, 450.9904479980469, 226.99521350860596, 318.3827590942383, 248.14819622039795, 447.56919860839844, 132.1055612564087, 451.114501953125, 150.6357250213623, 550.6782150268555
263.01810455322266, 425.72689056396484, 209.35721397399902, 309.330997467041, 233.09096717834473, 429.62623596191406, 140.65615940093994, 439.28112030029297, 166.62627840042114, 520.7622146606445, 305.9884443283081, 448.2431411743164, 223.20407485961914, 316.59168243408203, 243.48636722564697, 445.1264190673828, 133.6890902519226, 450.1520538330078, 152.05048990249634, 545.5279541015625
248.03025436401367, 424.7198486328125, 199.84456825256348, 312.6985168457031, 228.6795425415039, 427.02171325683594, 143.2838478088379, 440.32989501953125, 162.41961240768433, 523.1734466552734, 299.397255897522, 449.9108123779297, 215.62153434753418, 317.90674209594727, 241.58600521087646, 442.1199417114258, 135.2603578567505, 450.1317596435547, 156.44470691680908, 546.4462280273438
252.80359840393066, 431.0626220703125, 194.14602661132812, 316.7829895019531, 228.43282318115234, 429.73682403564453, 138.33249425888062, 443.5680389404297, 152.21543741226196, 531.8427658081055, 301.3852024078369, 452.1617126464844, 210.6103982925415, 322.7606964111328, 242.5674648284912, 441.19312286376953, 138.54615831375122, 449.0730667114258, 158.53827905654907, 546.6628265380859
260.8813543319702, 431.46156311035156, 191.28377056121826, 315.04064559936523, 230.14886951446533, 428.27980041503906, 141.0133080482483, 441.8404006958008, 163.1054825782776, 525.1349639892578, 297.0485305786133, 450.95191955566406, 203.87621879577637, 322.46421813964844, 245.0380802154541, 442.4150085449219, 136.97162246704102, 449.42562103271484, 152.73948574066162, 547.7121734619141
259.804238319397, 426.21471405029297, 184.13860416412354, 312.7134323120117, 229.623384475708, 426.1476516723633, 138.81238842010498, 442.84603118896484, 162.0012664794922, 528.702278137207, 291.82331371307373, 447.5374984741211, 196.34114456176758, 321.17698669433594, 243.74563312530518, 440.47828674316406, 135.8162660598755, 447.6478958129883, 152.72619342803955, 548.5222625732422
243.75405597686768, 418.0685043334961, 178.12261533737183, 310.05855560302734, 225.8352289199829, 422.7891540527344, 134.69238567352295, 444.32823181152344, 156.78425312042236, 531.9379806518555, 291.1751489639282, 447.1242904663086, 191.2225513458252, 320.77919006347656, 240.75903034210205, 438.93089294433594, 133.42876052856445, 447.16365814208984, 155.59216737747192, 545.4953765869141
245.50013065338135, 413.5804748535156, 173.19161701202393, 308.9280700683594, 225.48791790008545, 420.94451904296875, 135.12167692184448, 443.0641174316406, 164.25101232528687, 528.0282592773438, 289.8881196975708, 444.2203903198242, 186.53060626983643, 316.464786529541, 241.1966676712036, 437.11578369140625, 131.71854877471924, 449.22149658203125, 152.4710841178894, 545.9938812255859
253.9738483428955, 409.61883544921875, 172.7398099899292, 307.0151138305664, 227.31043434143066, 419.6299743652344, 136.3160219192505, 442.24029541015625, 156.3176074028015, 526.8993377685547, 283.7668561935425, 440.2497100830078, 182.9105019569397, 313.96617889404297, 240.7702169418335, 435.11425018310547, 130.8655047416687, 449.85931396484375, 151.21133041381836, 547.1155548095703
240.09691524505615, 409.62276458740234, 167.11224842071533, 299.9196243286133, 219.7572422027588, 412.7252960205078, 131.7421612739563, 441.62044525146484, 161.1079068183899, 524.8519897460938, 284.62416648864746, 442.24536895751953, 178.22058582305908, 309.5493698120117, 236.60974502563477, 431.25701904296875, 130.00826025009155, 449.8305130004883, 156.32185173034668, 543.5237884521484
227.93197059631348, 406.6552734375, 165.13956832885742, 297.52899169921875, 216.76289653778076, 410.88592529296875, 130.06197786331177, 444.6819305419922, 155.88261318206787, 532.703857421875, 282.23894214630127, 441.90135955810547, 176.6173815727234, 304.61658477783203, 235.13100814819336, 427.73380279541016, 128.57727479934692, 451.58214569091797, 158.3551368713379, 545.3073120117188
235.76502513885498, 402.2843933105469, 164.518536567688, 291.3694381713867, 217.39522457122803, 407.5251770019531, 130.22898721694946, 443.7379837036133, 162.19046258926392, 522.3497772216797, 283.1743173599243, 440.1533508300781, 173.86449098587036, 300.01684188842773, 234.43879890441895, 424.0020751953125, 126.92384052276611, 451.5397262573242, 158.90607690811157, 547.1640014648438
242.4541072845459, 394.31079864501953, 163.01611042022705, 279.0779113769531, 219.2069272994995, 398.31748962402344, 131.45330572128296, 443.0613327026367, 161.99255847930908, 525.1548004150391, 272.3987703323364, 433.43868255615234, 171.17070293426514, 294.4099807739258, 233.18087673187256, 414.1188430786133, 127.22353172302246, 453.96324157714844, 161.8829846382141, 542.8603363037109
226.8586711883545, 393.88477325439453, 160.49664688110352, 276.00284576416016, 213.64569568634033, 396.6625213623047, 126.10631942749023, 445.2140808105469, 149.94270420074463, 537.2660446166992, 270.7615566253662, 431.2472915649414, 170.97171306610107, 284.7833824157715, 237.20730686187744, 410.4026794433594, 129.72756433486938, 453.3778381347656, 162.4473376274109, 545.1718139648438
230.0014476776123, 385.7371520996094, 157.4198603630066, 267.1250534057617, 208.55342388153076, 389.5950698852539, 127.36064434051514, 443.5849380493164, 155.0982460975647, 531.198616027832, 265.4112253189087, 420.2672576904297, 171.46595239639282, 276.07654571533203, 231.11543560028076, 404.91416931152344, 128.7406759262085, 456.2321472167969, 159.49145412445068, 542.1417999267578
215.922212600708, 381.83387756347656, 154.14739608764648, 257.2885513305664, 202.20020294189453, 381.502685546875, 126.22935009002686, 443.9773178100586, 155.64355993270874, 523.659782409668, 262.4997043609619, 418.0494689941406, 172.92183351516724, 267.9493713378906, 227.3064422607422, 397.63145446777344, 129.25782585144043, 456.4317321777344, 157.06703281402588, 543.7727737426758
222.72609996795654, 384.08435821533203, 156.52767419815063, 249.42344665527344, 202.49954319000244, 378.19446563720703, 129.400465965271, 442.10205078125, 158.68245458602905, 531.1553955078125, 257.60580825805664, 412.48226165771484, 170.96402502059937, 257.9656982421875, 224.34366035461426, 392.84557342529297, 127.32837867736816, 455.60665130615234, 159.79602575302124, 542.6275634765625
215.24274730682373, 374.5991897583008, 155.2390546798706, 240.75994491577148, 201.54727840423584, 372.38685607910156, 134.43037796020508, 440.46302795410156, 160.99610662460327, 532.1791839599609, 252.96676921844482, 404.4371795654297, 170.4493865966797, 245.45345306396484, 219.15051174163818, 385.46031951904297, 126.43636798858643, 453.0695343017578, 154.9918966293335, 545.185661315918
216.1985216140747, 366.34117126464844, 157.16404914855957, 228.45962524414062, 198.54749298095703, 365.3130340576172, 145.31716585159302, 441.32633209228516, 193.09181022644043, 516.9575119018555, 245.376727104187, 396.42993927001953, 169.2519268989563, 238.48114013671875, 210.18833446502686, 378.7734603881836, 125.45330715179443, 451.73301696777344, 152.45319652557373, 545.6491851806641
217.5365047454834, 360.6922149658203, 158.66442441940308, 220.3571891784668, 194.81557750701904, 362.5130844116211, 140.74535608291626, 440.5921936035156, 171.79283142089844, 528.306770324707, 243.62330436706543, 389.3235397338867, 170.3929271697998, 227.64270782470703, 206.56238460540771, 373.6834716796875, 127.02838039398193, 448.6880874633789, 156.24285459518433, 549.2908477783203
209.16087818145752, 354.1917419433594, 154.102276802063, 211.86084747314453, 190.0452823638916, 358.4312057495117, 146.21305894851685, 439.9956512451172, 171.55001640319824, 532.6123809814453, 237.38962650299072, 380.1530456542969, 174.48018169403076, 218.0162811279297, 202.26028156280518, 366.53018951416016, 125.68817090988159, 447.5631332397461, 155.36098861694336, 545.7576370239258
195.74191570281982, 352.2840118408203, 151.1479616165161, 204.80072021484375, 183.54209518432617, 352.8845977783203, 149.75886011123657, 437.7293395996094, 167.0952272415161, 522.8651809692383, 234.59475326538086, 372.31773376464844, 176.24620580673218, 210.6125831604004, 197.01701259613037, 359.4264602661133, 129.79178857803345, 445.6360626220703, 153.75333166122437, 541.4278411865234
197.35043907165527, 344.38926696777344, 151.11825132369995, 195.3438949584961, 177.60080432891846, 348.49803924560547, 149.68123388290405, 434.5209503173828, 168.89340734481812, 523.5357666015625, 230.4652967453003, 366.42578125, 177.24987411499023, 198.42262268066406, 193.00940227508545, 353.21216583251953, 134.38394260406494, 445.58631896972656, 162.79152297973633, 541.614990234375
188.28821849822998, 339.892578125, 154.30733156204224, 189.79246139526367, 180.306086063385, 346.0024642944336, 157.67621994018555, 437.66319274902344, 170.53966903686523, 526.649284362793, 223.77226638793945, 359.4715118408203, 175.87292432785034, 191.70194625854492, 188.05937576293945, 350.3261947631836, 135.88768482208252, 445.6947326660156, 160.57064294815063, 544.241943359375
185.61023426055908, 340.87486267089844, 155.52032089233398, 185.48616409301758, 174.43093872070312, 343.1250762939453, 156.54036331176758, 436.05560302734375, 175.7625389099121, 528.2989501953125, 222.45988082885742, 360.4591369628906, 177.37859678268433, 189.1550064086914, 182.83484983444214, 348.3007049560547, 144.24502897262573, 447.6991271972656, 168.61699962615967, 542.8199005126953
187.7342405319214, 338.5453796386719, 162.33911275863647, 181.03853225708008, 178.20710706710815, 341.3438415527344, 164.2407031059265, 435.99281311035156, 174.48440408706665, 527.7306365966797, 215.74897384643555, 356.3518524169922, 174.76312589645386, 184.4515609741211, 178.57236051559448, 346.1777114868164, 141.1541714668274, 447.75440216064453, 167.2595715522766, 547.0142364501953
169.29955768585205, 326.168212890625, 153.8472442626953, 180.9180450439453, 168.57882261276245, 340.0834274291992, 156.92880153656006, 432.8226089477539, 169.1944146156311, 521.0966873168945, 216.026686668396, 353.1182098388672, 178.19629335403442, 184.7553825378418, 175.5078682899475, 345.1197052001953, 141.53690671920776, 445.9561538696289, 164.19833660125732, 542.4539947509766
154.5105438232422, 316.6716957092285, 149.89742040634155, 176.73097610473633, 158.7471284866333, 335.21289825439453, 146.655686378479, 431.89414978027344, 160.3815894126892, 524.9370193481445, 209.53194427490234, 351.14452362060547, 180.35201692581177, 179.66020584106445, 174.8541979789734, 339.42291259765625, 147.63562154769897, 442.5230026245117, 164.21009349822998, 540.6754302978516
159.92093181610107, 326.5473937988281, 157.7417712211609, 177.9102325439453, 160.51000499725342, 338.6109161376953, 144.93956327438354, 432.4954605102539, 158.60441160202026, 523.3148956298828, 203.43555450439453, 354.1556167602539, 177.39825010299683, 180.78317642211914, 172.8940315246582, 342.6677703857422, 154.89312553405762, 442.79266357421875, 168.7666368484497, 543.403434753418
162.80065870285034, 326.3002395629883, 153.6302351951599, 177.5410270690918, 157.60492181777954, 337.6112365722656, 141.11415195465088, 432.04883575439453, 153.0614514350891, 522.5794219970703, 197.9319667816162, 355.2215576171875, 178.52686834335327, 178.8976287841797, 174.94301080703735, 341.8223190307617, 157.93696641921997, 441.7103576660156, 171.1443157196045, 541.988639831543
156.8891110420227, 323.0083465576172, 154.12197399139404, 176.48263931274414, 154.07622957229614, 338.28948974609375, 138.32451009750366, 434.09950256347656, 149.39241123199463, 520.4507446289062, 192.10034847259521, 355.6377410888672, 178.4537386894226, 179.1209602355957, 172.65480279922485, 343.6787414550781, 156.3785524368286, 445.0552749633789, 164.20477437973022, 542.7968597412109
161.9894986152649, 325.8556365966797, 156.10740900039673, 175.00787734985352, 155.5888991355896, 336.03328704833984, 145.18679809570312, 432.86231994628906, 151.0515594482422, 521.1029052734375, 187.86558437347412, 354.8386764526367, 174.59111547470093, 177.10006713867188, 167.89367628097534, 340.6272506713867, 149.15240383148193, 442.5773620605469, 161.21637296676636, 543.4493255615234
152.95182275772095, 324.97913360595703, 156.86571788787842, 174.5319938659668, 151.02250719070435, 339.4999694824219, 137.91289806365967, 431.649169921875, 147.3604531288147, 518.510856628418, 179.88778400421143, 355.3683853149414, 174.4527416229248, 178.94039154052734, 164.25647401809692, 343.8991928100586, 153.3182168006897, 444.6400451660156, 162.25339269638062, 540.811653137207
147.70038318634033, 321.5145492553711, 156.1849365234375, 174.5553207397461, 151.9945569038391, 333.6453628540039, 141.33440732955933, 430.0429916381836, 149.4191164970398, 516.4452362060547, 178.63899755477905, 352.80860900878906, 175.41903352737427, 177.0808219909668, 163.28039932250977, 337.98938751220703, 148.70547723770142, 441.72149658203125, 158.82453536987305, 539.072380065918
139.32523918151855, 325.21800994873047, 149.1008906364441, 175.4142189025879, 148.63836860656738, 331.2549591064453, 138.7012791633606, 430.0060272216797, 150.67700576782227, 521.9268798828125, 175.7632188796997, 351.3981246948242, 179.16697216033936, 172.8862762451172, 166.47302198410034, 335.06031036376953, 150.31822299957275, 440.9482955932617, 159.64217710494995, 539.0593338012695
135.44697666168213, 313.70288848876953, 152.7942452430725, 174.12940979003906, 151.59577655792236, 334.65309143066406, 141.80347681045532, 432.55870819091797, 149.7856092453003, 524.7109985351562, 175.15993213653564, 349.93892669677734, 177.1165452003479, 174.28522109985352, 163.81525039672852, 337.8359603881836, 147.99918603897095, 442.19207763671875, 157.78807497024536, 541.9443893432617
132.10446453094482, 314.1415023803711, 149.3342080116272, 175.65786361694336, 147.91388273239136, 334.5064163208008, 140.15786218643188, 434.16378021240234, 151.80401182174683, 528.7744903564453, 174.2077989578247, 349.3763732910156, 176.92745876312256, 173.5708236694336, 164.174702167511, 338.1039810180664, 152.89327955245972, 444.79225158691406, 160.32414293289185, 541.0501098632812
137.6666612625122, 321.7763137817383, 149.37327337265015, 175.68355560302734, 148.12182188034058, 329.67662811279297, 141.05257081985474, 430.83106994628906, 152.4847822189331, 526.7519378662109, 170.71670246124268, 348.81866455078125, 175.5645031929016, 173.25868606567383, 164.30430221557617, 332.34718322753906, 150.4752631187439, 442.4516296386719, 163.4048776626587, 542.8531646728516
135.54170083999634, 322.0594024658203, 148.06861972808838, 176.77993774414062, 143.6099042892456, 333.28990936279297, 139.90339994430542, 433.2163619995117, 152.45902013778687, 526.2191009521484, 168.77160501480103, 350.83763122558594, 174.3235363960266, 174.6286392211914, 160.06632471084595, 335.6281280517578, 153.36883068084717, 445.3915023803711, 170.15437841415405, 541.2535858154297
130.0726819038391, 316.52002334594727, 148.86960220336914, 177.08396911621094, 142.07423639297485, 333.2235336303711, 139.60376358032227, 432.01847076416016, 151.8128843307495, 525.4061889648438, 166.9512162208557, 344.8110580444336, 172.0495309829712, 174.72808837890625, 156.97438144683838, 335.6081008911133, 148.80034399032593, 444.00726318359375, 166.86742639541626, 542.150993347168
137.81371021270752, 317.2964859008789, 143.71013402938843, 176.24422073364258, 144.3731813430786, 333.1406021118164, 146.72857475280762, 431.9728088378906, 157.3286895751953, 525.1816558837891, 164.37655448913574, 342.28443145751953, 172.72996139526367, 173.01809310913086, 156.82011604309082, 336.3709259033203, 143.04817247390747, 445.07354736328125, 162.87933778762817, 540.5823516845703
126.87532138824463, 317.889347076416, 142.39110231399536, 176.46499633789062, 141.1094799041748, 329.88525390625, 142.89967584609985, 428.73558044433594, 153.73241710662842, 520.2220916748047, 158.3270387649536, 342.5902557373047, 171.6860761642456, 172.46686935424805, 155.3059549331665, 333.4870147705078, 143.7971920967102, 441.9097900390625, 160.3167839050293, 541.6305541992188
124.40981674194336, 319.80905532836914, 139.11361503601074, 179.59671020507812, 139.33107376098633, 332.0924758911133, 138.81529474258423, 433.2868194580078, 155.56020879745483, 520.5715179443359, 156.78148937225342, 342.0170593261719, 172.82349014282227, 174.54273223876953, 161.92422151565552, 332.72403717041016, 148.11086559295654, 442.3802947998047, 163.8496437072754, 539.4918823242188
118.17227840423584, 305.0138473510742, 140.2223825454712, 176.84930801391602, 139.96554040908813, 332.7904510498047, 140.61901330947876, 431.5404510498047, 156.14376544952393, 522.7828979492188, 153.36316061019897, 342.94334411621094, 169.34106874465942, 174.84699249267578, 158.0775008201599, 334.67212677001953, 144.21424388885498, 442.56702423095703, 159.90369129180908, 541.3136672973633
124.87171363830566, 303.42884063720703, 138.80010509490967, 177.0101547241211, 140.9256796836853, 327.96276092529297, 141.55382919311523, 429.17945861816406, 155.87959718704224, 524.6964645385742, 153.65272903442383, 338.7187194824219, 169.85858058929443, 171.5922737121582, 157.82422304153442, 329.98016357421875, 142.67005443572998, 443.1791687011719, 162.6021842956543, 539.648551940918
128.47803211212158, 312.9530715942383, 142.70544576644897, 175.9211540222168, 144.9896068572998, 327.8125762939453, 143.56753778457642, 430.8890914916992, 154.05285835266113, 526.1019897460938, 153.46105432510376, 342.0289611816406, 166.5562744140625, 171.86704635620117, 156.90734958648682, 328.69903564453125, 141.75745820999146, 443.2745361328125, 160.39277601242065, 541.2604522705078
116.17442846298218, 284.00447845458984, 139.45335865020752, 176.00133895874023, 143.9121069908142, 327.55859375, 138.83437776565552, 429.876708984375, 153.5480465888977, 527.628059387207, 151.951642036438, 343.6095428466797, 167.80440282821655, 172.6757049560547, 160.57566595077515, 328.3604049682617, 143.17716932296753, 442.8852081298828, 158.75097799301147, 541.0350799560547
116.32392311096191, 276.0811996459961, 140.51230192184448, 175.63678741455078, 145.44428730010986, 327.0948028564453, 143.88963508605957, 429.1615295410156, 160.5634045600891, 526.6415405273438, 150.07161331176758, 341.6246032714844, 166.64848709106445, 173.47776412963867, 158.88733386993408, 327.87933349609375, 142.36120557785034, 441.95655822753906, 160.6506052017212, 542.4303436279297
111.4233808517456, 285.43384552001953, 136.86972570419312, 176.21109008789062, 141.18357467651367, 324.8335266113281, 141.42619228363037, 428.52245330810547, 157.93196535110474, 527.0357131958008, 150.40967893600464, 338.359375, 167.61852979660034, 172.56446838378906, 157.17939233779907, 324.8492431640625, 142.19309949874878, 440.59722900390625, 163.60701513290405, 539.830322265625
106.54157066345215, 263.51451873779297, 140.0568208694458, 175.45440673828125, 141.52208995819092, 324.5613098144531, 139.93878030776978, 428.0271911621094, 156.6889147758484, 526.9222259521484, 149.09179878234863, 338.26332092285156, 165.1570281982422, 172.54398345947266, 155.1988377571106, 326.1192321777344, 142.60940551757812, 441.72508239746094, 163.11659240722656, 538.3029937744141
121.0084981918335, 291.65210723876953, 140.26227045059204, 173.75799179077148, 141.8592233657837, 323.9863586425781, 138.38336038589478, 428.9503479003906, 156.4574179649353, 525.8896636962891, 147.47128820419312, 340.0440216064453, 165.53032064437866, 172.70587921142578, 156.30748462677002, 324.97108459472656, 141.91275453567505, 442.0088195800781, 165.08101415634155, 539.8237228393555
114.69326782226562, 293.62329483032227, 137.22701692581177, 175.50941467285156, 138.32896280288696, 324.37835693359375, 137.09255838394165, 428.6494827270508, 156.21617126464844, 526.6359710693359, 149.21927118301392, 340.3553771972656, 165.68045139312744, 171.2197494506836, 156.9775948524475, 324.8264694213867, 143.2837929725647, 441.8476104736328, 165.89298582077026, 539.924430847168
111.69748544692993, 285.0789451599121, 135.28116273880005, 175.99658966064453, 137.57623624801636, 325.6394577026367, 136.07075023651123, 428.9937210083008, 154.93655586242676, 524.7636795043945, 149.9122920036316, 339.05029296875, 166.55478286743164, 171.78932189941406, 157.00812768936157, 326.14471435546875, 143.82958936691284, 442.40406036376953, 167.23946857452393, 538.6672973632812
113.97705125808716, 285.4201889038086, 138.29268312454224, 174.85546112060547, 139.52586317062378, 325.9180450439453, 136.49011611938477, 429.6138000488281, 155.3059549331665, 525.784797668457, 148.49378728866577, 339.32994842529297, 165.51274013519287, 172.16087341308594, 156.54730558395386, 326.3582992553711, 141.25501537322998, 443.1808853149414, 163.94219636917114, 541.084098815918
116.11943864822388, 296.29968643188477, 137.06456995010376, 174.65675354003906, 138.33311939239502, 325.7135009765625, 137.21512842178345, 429.7917175292969, 155.8141884803772, 528.4939575195312, 148.8893322944641, 339.08119201660156, 164.8966875076294, 171.18314743041992, 154.63021850585938, 326.85272216796875, 141.4787802696228, 442.86705017089844, 164.58017253875732, 540.2070236206055
122.10749387741089, 309.5365524291992, 136.30040454864502, 175.0046157836914, 137.24490451812744, 325.76671600341797, 135.7175498008728, 431.0377502441406, 154.99333333969116, 529.8347091674805, 148.42471551895142, 339.0110778808594, 165.21036195755005, 171.99316024780273, 155.58304262161255, 326.8876266479492, 143.6836700439453, 444.4097137451172, 167.2478585243225, 540.6190872192383
119.81983423233032, 309.8539733886719, 135.73559093475342, 175.76980590820312, 137.11848497390747, 326.8231201171875, 134.35113954544067, 431.7746353149414, 155.34489965438843, 529.4683074951172, 147.98846006393433, 340.5406188964844, 165.31030654907227, 172.10180282592773, 156.60601329803467, 327.18021392822266, 143.0026364326477, 444.61647033691406, 167.56856298446655, 542.2835540771484
103.50520944595337, 262.97420501708984, 136.35603046417236, 172.8356170654297, 138.85120153427124, 322.8413772583008, 136.18698120117188, 428.9009475708008, 155.6254529953003, 524.8876953125, 148.23786640167236, 339.1082763671875, 164.90228080749512, 171.51430130004883, 155.50732469558716, 322.9243850708008, 141.56416034698486, 442.4261474609375, 162.7822995185852, 540.1222991943359
99.18588781356812, 263.8239097595215, 135.80388402938843, 174.88433837890625, 137.7095980644226, 323.7876510620117, 135.36677312850952, 429.7580337524414, 153.989972114563, 528.425407409668, 147.98652982711792, 339.6965026855469, 165.00605297088623, 172.31849670410156, 155.3960838317871, 323.6092758178711, 143.42235326766968, 441.3191223144531, 165.3486590385437, 543.7512969970703
102.85974264144897, 258.007869720459, 135.05326318740845, 172.6899528503418, 138.2261996269226, 323.8846969604492, 138.40185117721558, 428.5017395019531, 154.19389724731445, 525.148811340332, 146.81746435165405, 339.8289108276367, 163.91482210159302, 171.35923385620117, 154.10380125045776, 324.09793853759766, 142.29732131958008, 442.62725830078125, 164.39552783966064, 541.9963455200195
113.33284568786621, 281.11886978149414, 134.14027214050293, 174.5464324951172, 137.86218547821045, 324.6636962890625, 138.41088819503784, 428.6246871948242, 153.49433994293213, 519.2702484130859, 146.33999395370483, 339.6172332763672, 164.50522232055664, 171.27574920654297, 154.26729011535645, 325.07823944091797, 140.35208129882812, 442.47806549072266, 158.46794605255127, 537.6584625244141
