251.17366075515747, 762.2856140136719, 253.44070672988892, 507.8783416748047, 303.962881565094, 745.9116363525391, 492.87264347076416, 751.7530059814453, 515.8896017074585, 933.6029052734375, 315.95218420028687, 719.564208984375, 254.14222240447998, 482.6704406738281, 312.44248151779175, 715.4365539550781, 466.620512008667, 746.5211486816406, 500.7066249847412, 893.5877990722656
253.4787082672119, 760.3507232666016, 253.5483169555664, 499.42665100097656, 308.01979780197144, 741.8219757080078, 497.7084732055664, 751.5753936767578, 514.8512649536133, 941.6892242431641, 325.79466819763184, 718.5157775878906, 249.544358253479, 480.80841064453125, 311.2187719345093, 714.9385070800781, 473.5939121246338, 741.0456085205078, 506.179575920105, 900.8917236328125
250.56612968444824, 750.2857971191406, 261.65300846099854, 500.4683303833008, 317.21707105636597, 741.3832092285156, 502.2687864303589, 752.8348541259766, 521.1175489425659, 941.4173126220703, 332.3813581466675, 711.3874816894531, 248.9469337463379, 480.93040466308594, 314.5485734939575, 718.9859008789062, 472.9800510406494, 746.1356353759766, 509.9296474456787, 913.3502197265625
250.8570957183838, 754.1553497314453, 264.5029091835022, 502.59178161621094, 317.70538330078125, 744.2845916748047, 504.9704360961914, 753.2809448242188, 511.79680824279785, 944.2510223388672, 326.1963129043579, 716.1672973632812, 250.60436725616455, 482.0111083984375, 310.8773159980774, 724.5900726318359, 469.2860269546509, 740.6276702880859, 501.21113777160645, 908.9633941650391
267.2987151145935, 759.1077423095703, 269.13697242736816, 504.36317443847656, 316.58870458602905, 745.4074096679688, 504.84078884124756, 755.8857727050781, 509.43955421447754, 938.0778503417969, 324.8557662963867, 720.8098602294922, 249.6157693862915, 479.3653106689453, 312.86006927490234, 719.7797393798828, 475.7194232940674, 744.92919921875, 495.50597190856934, 895.3206634521484
258.751802444458, 759.5880126953125, 267.92227506637573, 502.1908187866211, 319.62406396865845, 747.9039001464844, 506.2488842010498, 755.2908325195312, 508.3041000366211, 934.9856567382812, 330.21767377853394, 714.2670440673828, 258.71933698654175, 479.90962982177734, 317.42377281188965, 721.9915771484375, 481.6730260848999, 752.9972076416016, 502.70592212677, 904.9378967285156
247.7030324935913, 715.5328369140625, 271.5946912765503, 501.14994049072266, 316.8940043449402, 743.3479309082031, 506.74266815185547, 755.3549194335938, 508.57669830322266, 937.1849060058594, 308.67136001586914, 692.4691772460938, 257.730073928833, 476.6461181640625, 314.5764684677124, 717.4624633789062, 481.9896984100342, 741.0902404785156, 501.188907623291, 906.2164306640625
241.41623497009277, 749.1949462890625, 279.7487998008728, 501.1576843261719, 319.94097232818604, 747.7928924560547, 505.2917432785034, 763.2969665527344, 507.6876211166382, 936.4237976074219, 215.37893772125244, 650.1059722900391, 261.64697885513306, 473.81752014160156, 314.1841149330139, 714.2074584960938, 479.1105079650879, 738.5164642333984, 505.0575542449951, 899.1178894042969
237.36350297927856, 750.7295227050781, 281.0577607154846, 500.9630584716797, 313.44661474227905, 750.1118469238281, 506.6641330718994, 764.2292785644531, 511.0036897659302, 940.9869384765625, 187.84059047698975, 625.0906372070312, 268.3198642730713, 473.4467315673828, 314.48325634002686, 714.2809295654297, 479.96199131011963, 740.6709289550781, 509.2441177368164, 900.1960754394531
247.57081031799316, 755.9777069091797, 281.2179207801819, 501.3611602783203, 314.18428659439087, 751.7008209228516, 507.55964756011963, 760.6149291992188, 505.69029808044434, 936.1809539794922, 184.3862271308899, 619.4547653198242, 272.1239233016968, 473.7328338623047, 319.18840885162354, 718.9578247070312, 480.2778911590576, 744.4808197021484, 510.8549451828003, 904.1039276123047
266.6554570198059, 755.7954406738281, 282.82437086105347, 502.9279327392578, 314.19156074523926, 750.9833526611328, 507.227783203125, 761.2187957763672, 511.4567470550537, 940.3897094726562, 184.11367177963257, 613.5757446289062, 269.39154624938965, 473.8148498535156, 314.60219621658325, 717.0001220703125, 485.32289028167725, 746.2667083740234, 508.1481456756592, 900.0072479248047
266.89844369888306, 753.4629058837891, 282.25765228271484, 506.8526840209961, 315.22472620010376, 750.3818511962891, 506.05872631073, 761.2734985351562, 509.19394969940186, 937.962646484375, 160.788334608078, 598.2050323486328, 269.7784495353699, 476.21429443359375, 316.0367703437805, 715.7671356201172, 480.17566680908203, 735.2153778076172, 503.2427501678467, 884.6559906005859
265.7591485977173, 758.5887145996094, 280.5855631828308, 508.0580139160156, 311.29958152770996, 753.4210205078125, 506.2318468093872, 760.6539916992188, 508.2314443588257, 938.2853698730469, 148.50447177886963, 603.1775665283203, 270.74286460876465, 478.95118713378906, 315.1460838317871, 717.6685333251953, 502.57567405700684, 740.0165557861328, 504.53235626220703, 890.0694274902344
267.52219676971436, 757.2142028808594, 285.6705594062805, 512.116584777832, 309.53479528427124, 753.9891052246094, 505.7035160064697, 764.4828796386719, 506.1897039413452, 944.3473052978516, 136.9029951095581, 601.2117385864258, 264.9582624435425, 477.0655822753906, 307.41724491119385, 717.3026275634766, 494.0039348602295, 737.4815368652344, 501.63042068481445, 893.988037109375
266.6353511810303, 755.8399200439453, 278.89349699020386, 504.71527099609375, 311.9361662864685, 753.7448120117188, 504.90099906921387, 765.0346374511719, 506.9208097457886, 940.2955627441406, 297.89018869400024, 703.4890747070312, 269.418089389801, 481.1360168457031, 312.29987382888794, 724.4926452636719, 475.2495861053467, 743.5019683837891, 499.87071990966797, 891.9956970214844
265.9900116920471, 756.1112976074219, 280.86665868759155, 508.8525390625, 312.8139352798462, 751.9575500488281, 504.08698081970215, 761.8341827392578, 503.04023265838623, 934.8448181152344, 271.2551021575928, 690.1526641845703, 270.3988981246948, 482.28126525878906, 319.5732522010803, 723.6172485351562, 477.520751953125, 748.8284301757812, 496.7905569076538, 896.6026306152344
275.66171407699585, 758.5340118408203, 280.5148386955261, 507.62855529785156, 324.1131591796875, 749.8692321777344, 506.8224048614502, 762.5296020507812, 506.6048240661621, 933.5749816894531, 324.55456495285034, 706.8353271484375, 267.5594687461853, 481.96826934814453, 328.8909673690796, 723.9016723632812, 480.1605176925659, 743.6331176757812, 501.11037254333496, 900.2466583251953
276.78903579711914, 757.3667144775391, 278.27914237976074, 507.0036315917969, 323.87645959854126, 749.9675750732422, 505.9161615371704, 761.4146423339844, 507.7480888366699, 936.2569427490234, 310.799081325531, 704.6894836425781, 262.65973806381226, 480.7726287841797, 324.145302772522, 725.8228302001953, 477.37552642822266, 745.3379821777344, 501.4470434188843, 900.5637359619141
269.06227827072144, 749.4221496582031, 278.39630126953125, 507.5929260253906, 320.5916976928711, 750.0865173339844, 504.99648571014404, 762.6040649414062, 506.8535614013672, 936.9648742675781, 309.14242029190063, 706.9838714599609, 266.9419813156128, 483.15528869628906, 325.9204316139221, 722.7006530761719, 479.6436023712158, 751.7447662353516, 500.76666355133057, 907.5723266601562
264.61249351501465, 754.4636535644531, 275.8685231208801, 505.05455017089844, 318.816933631897, 752.457275390625, 505.1040744781494, 762.8275299072266, 506.3113260269165, 943.0210876464844, 296.5789532661438, 700.4983520507812, 264.83792781829834, 477.79369354248047, 325.9965419769287, 720.76904296875, 482.51575469970703, 744.4173431396484, 496.8861722946167, 895.755615234375
272.9436707496643, 752.1678161621094, 271.92895889282227, 507.0456314086914, 316.7656660079956, 748.8270568847656, 506.03460788726807, 763.1685638427734, 504.960994720459, 939.1785430908203, 323.54517459869385, 709.4957733154297, 270.5197048187256, 480.2220153808594, 321.6656756401062, 722.6520538330078, 485.1108455657959, 752.6062774658203, 502.7046775817871, 911.8402099609375
277.615327835083, 759.8825073242188, 273.4160828590393, 506.8797302246094, 314.0761613845825, 751.5720367431641, 505.841703414917, 760.8883666992188, 503.84081840515137, 936.9914245605469, 323.25682640075684, 708.2433319091797, 266.97266578674316, 479.48829650878906, 328.3754253387451, 722.6462554931641, 483.3742332458496, 755.9689331054688, 501.1619567871094, 902.9196929931641
277.1939420700073, 764.2798614501953, 276.1588454246521, 509.8933410644531, 315.64834356307983, 753.8735961914062, 504.8278284072876, 764.8017120361328, 506.0913848876953, 936.4387512207031, 323.7353539466858, 714.1110992431641, 263.49647998809814, 479.02191162109375, 324.92204904556274, 721.6468811035156, 477.91261196136475, 749.7654724121094, 502.1119737625122, 893.5771942138672
267.72306203842163, 754.4419860839844, 271.5864944458008, 507.0355987548828, 315.09040117263794, 750.3559112548828, 505.9217405319214, 760.3694915771484, 505.7476329803467, 941.4266967773438, 287.2254681587219, 692.2354888916016, 259.6499562263489, 480.9358596801758, 323.8777256011963, 721.2466430664062, 479.5355415344238, 753.7582397460938, 502.13536262512207, 909.8912048339844
243.41978073120117, 746.8003845214844, 274.7086715698242, 505.94642639160156, 319.4327473640442, 750.9559631347656, 504.8249101638794, 762.9855346679688, 505.1565170288086, 940.1692962646484, 235.11038303375244, 635.4423904418945, 253.7924838066101, 480.1640319824219, 322.53411054611206, 722.6998901367188, 479.07257080078125, 753.6872100830078, 496.8716239929199, 904.9361419677734
276.235728263855, 760.7572937011719, 269.2215585708618, 507.1063995361328, 311.14294052124023, 750.5381774902344, 501.60857677459717, 759.0935516357422, 500.88626861572266, 935.3128814697266, 324.9854350090027, 711.5092468261719, 256.5417265892029, 479.796142578125, 324.3686771392822, 717.7483367919922, 479.70797538757324, 740.474853515625, 501.5893077850342, 895.9121704101562
269.75488901138306, 757.230224609375, 267.63617992401123, 509.2839050292969, 313.190860748291, 750.0973510742188, 503.85446548461914, 756.0192108154297, 501.47257804870605, 938.8008880615234, 323.6305332183838, 708.0564117431641, 253.04251670837402, 481.7989730834961, 322.11482763290405, 718.8898468017578, 476.830415725708, 742.3185729980469, 486.84986114501953, 884.5496368408203
275.2254366874695, 763.408203125, 266.31897926330566, 507.0231628417969, 312.99877166748047, 751.0018157958984, 504.1870594024658, 756.0807037353516, 503.6793279647827, 927.8310394287109, 336.8973183631897, 723.5662841796875, 257.7445578575134, 482.25048065185547, 322.09545135498047, 720.7124328613281, 495.25800704956055, 738.5050964355469, 494.85138416290283, 886.9709777832031
270.8704733848572, 763.5064697265625, 262.08035945892334, 506.2933349609375, 303.0623245239258, 747.5521850585938, 497.1896696090698, 753.7553405761719, 483.7162685394287, 933.2818603515625, 338.1361126899719, 721.776123046875, 263.3369207382202, 477.60498046875, 312.6706624031067, 718.4574890136719, 478.2327175140381, 744.9153900146484, 489.3303680419922, 887.2120666503906
271.24375104904175, 764.1838073730469, 259.3262243270874, 506.68434143066406, 303.7105178833008, 746.0802459716797, 495.54412364959717, 747.1023559570312, 471.04392528533936, 916.7193603515625, 335.8134698867798, 720.0205230712891, 259.139564037323, 478.03741455078125, 310.0505304336548, 719.5195007324219, 476.31311416625977, 742.6853179931641, 472.2909164428711, 891.2074279785156
273.2326412200928, 760.7540893554688, 253.47355842590332, 502.25318908691406, 300.70931911468506, 744.9654388427734, 493.5547399520874, 750.9245300292969, 457.09622383117676, 913.377685546875, 341.296226978302, 720.8540344238281, 263.98715257644653, 479.1322326660156, 305.91941356658936, 720.8543395996094, 467.99285888671875, 746.6774749755859, 459.71019744873047, 903.7060546875
269.4486451148987, 757.3648071289062, 251.28273010253906, 503.0228805541992, 296.7717504501343, 744.6481323242188, 489.8729467391968, 757.8474426269531, 445.666880607605, 906.7533874511719, 338.26606035232544, 715.6505584716797, 266.31378650665283, 477.8425598144531, 304.96459007263184, 715.4644012451172, 475.68809509277344, 736.6498565673828, 456.78869247436523, 887.6611328125
270.38559436798096, 757.1601104736328, 249.68361854553223, 505.1175308227539, 293.61873865127563, 745.9255218505859, 489.57090854644775, 752.9622650146484, 431.8271541595459, 904.6453094482422, 337.24053382873535, 715.1216888427734, 259.3349361419678, 478.480224609375, 307.8856873512268, 713.1800079345703, 467.78948307037354, 733.6383819580078, 442.963342666626, 882.2397613525391
231.39979362487793, 751.5113067626953, 249.01392459869385, 500.58250427246094, 290.22183895111084, 739.3251800537109, 486.45358085632324, 754.6109008789062, 435.7167863845825, 921.0379028320312, 322.4765610694885, 714.3844604492188, 261.5573501586914, 479.83821868896484, 301.4087748527527, 715.1045227050781, 473.47838401794434, 736.2352752685547, 477.9937219619751, 897.8497314453125
265.2225136756897, 756.6170501708984, 253.13469886779785, 502.09388732910156, 292.7700877189636, 742.0767211914062, 489.6073007583618, 752.2499084472656, 438.403844833374, 897.9929351806641, 303.1982159614563, 710.3889465332031, 259.8883080482483, 477.2534942626953, 305.1953673362732, 710.9901428222656, 462.47175693511963, 733.7428283691406, 450.4540014266968, 880.9310913085938
260.1625370979309, 762.4423980712891, 252.0331907272339, 495.05165100097656, 286.11788749694824, 738.2457733154297, 484.64049339294434, 757.0187377929688, 435.060396194458, 917.7227783203125, 299.8202419281006, 710.037841796875, 268.73247385025024, 478.81736755371094, 305.33801794052124, 709.0170288085938, 465.50445556640625, 739.2133331298828, 458.54448795318604, 889.7574615478516
266.81774139404297, 765.4327392578125, 252.36707210540771, 495.12115478515625, 288.5417890548706, 738.0302429199219, 486.70549392700195, 756.5460205078125, 439.75550651550293, 913.6480712890625, 306.644811630249, 711.015625, 261.6764187812805, 477.35557556152344, 294.99303817749023, 712.2579193115234, 467.7251958847046, 738.0120849609375, 479.31740283966064, 889.7244262695312
259.8259949684143, 756.0783386230469, 253.31541538238525, 496.27647399902344, 286.7421340942383, 741.2109375, 485.7853031158447, 756.4093017578125, 447.14123725891113, 917.2654724121094, 311.07388973236084, 710.6281280517578, 271.4078164100647, 476.6419219970703, 298.11856269836426, 717.9738616943359, 468.55024337768555, 742.1642303466797, 479.7735929489136, 901.1994171142578
260.71479320526123, 756.8003082275391, 255.39296865463257, 494.07005310058594, 289.76547718048096, 737.4334716796875, 486.9989490509033, 760.2593231201172, 444.1704225540161, 918.7179565429688, 331.1628198623657, 710.723876953125, 273.5604929924011, 475.62862396240234, 300.2121663093567, 712.4948120117188, 469.79315757751465, 743.2396697998047, 479.0971612930298, 901.8920135498047
248.19010019302368, 749.3854522705078, 255.80079317092896, 491.9776153564453, 291.55208587646484, 738.0194854736328, 485.95190048217773, 760.3179931640625, 450.7621765136719, 914.7642517089844, 339.9499297142029, 709.9877166748047, 277.0584797859192, 477.08885192871094, 301.4027667045593, 713.984375, 465.6927251815796, 739.2396545410156, 472.74813652038574, 899.1654205322266
266.91088914871216, 762.1633148193359, 259.2447280883789, 494.65545654296875, 290.2181911468506, 739.4303131103516, 482.2782611846924, 764.1432189941406, 440.45618534088135, 908.9576721191406, 329.453501701355, 708.4804534912109, 282.09365129470825, 477.64652252197266, 307.70514249801636, 712.0185852050781, 467.4727249145508, 738.2051086425781, 462.08367347717285, 895.8920288085938
263.9851140975952, 757.9438781738281, 262.2095990180969, 491.69055938720703, 292.06631898880005, 737.7623748779297, 482.9304885864258, 760.6552886962891, 439.95527744293213, 907.7665710449219, 333.91189098358154, 708.0783843994141, 285.9550881385803, 480.63899993896484, 309.8842120170593, 714.7936248779297, 475.5747127532959, 742.2060394287109, 468.33995819091797, 897.559814453125
270.9732985496521, 761.3755798339844, 260.31166791915894, 492.36595153808594, 291.51241064071655, 740.2302551269531, 483.82548809051514, 763.2684326171875, 442.81176567077637, 907.2003173828125, 334.8873996734619, 709.4091796875, 286.3027238845825, 479.71324920654297, 298.43613624572754, 716.3761138916016, 476.55601501464844, 743.8192749023438, 476.8420457839966, 895.9066772460938
271.32067680358887, 757.5202178955078, 265.2830457687378, 494.55257415771484, 292.05621242523193, 742.3577880859375, 484.6403217315674, 765.0418853759766, 438.60631942749023, 901.1968231201172, 335.4145288467407, 710.8836364746094, 285.42832374572754, 481.9253158569336, 304.64710235595703, 718.4119415283203, 475.98352432250977, 728.1178283691406, 454.89994525909424, 891.8377685546875
274.6754765510559, 763.6425018310547, 268.70131731033325, 495.11253356933594, 295.32867908477783, 741.7546844482422, 487.0219945907593, 764.3234252929688, 446.9505214691162, 908.544921875, 351.90895557403564, 710.9963226318359, 288.7328267097473, 479.0010070800781, 294.0100622177124, 716.6851043701172, 471.9825267791748, 740.0131988525391, 452.45033740997314, 895.9983062744141
278.2810950279236, 760.6618499755859, 272.2218990325928, 496.05323791503906, 295.8940029144287, 742.9122924804688, 489.54400062561035, 766.5978240966797, 425.75356006622314, 885.5026245117188, 332.2074007987976, 713.6077880859375, 289.3821144104004, 481.13414764404297, 287.85754680633545, 715.2462768554688, 481.1657238006592, 724.7106170654297, 431.38607025146484, 879.5057678222656
276.8658113479614, 760.3874206542969, 273.78069162368774, 496.4273452758789, 295.66477060317993, 742.6772308349609, 488.25379371643066, 770.9623718261719, 431.3170623779297, 904.7158813476562, 342.1810984611511, 708.3493804931641, 298.79870653152466, 478.3935546875, 299.88083839416504, 713.3885192871094, 484.54453468322754, 725.8218383789062, 449.6886920928955, 889.8817443847656
279.26445722579956, 764.8380279541016, 277.1191191673279, 495.36399841308594, 297.67104148864746, 740.5425262451172, 490.26708126068115, 767.3412322998047, 447.9006242752075, 905.8967590332031, 336.6361141204834, 715.1897430419922, 304.06158685684204, 477.69447326660156, 305.8694386482239, 711.2274169921875, 481.79391860961914, 726.5289306640625, 466.996750831604, 890.8354187011719
282.59273529052734, 762.7377319335938, 284.0175247192383, 499.97108459472656, 300.8864951133728, 742.6784515380859, 491.1742687225342, 770.0424957275391, 435.8665609359741, 900.3922271728516, 344.77086782455444, 713.3066558837891, 299.7167730331421, 475.6074523925781, 305.2598261833191, 709.9532318115234, 485.2976989746094, 725.9413909912109, 456.12693786621094, 888.6619567871094
283.68576765060425, 762.6828002929688, 285.2571988105774, 496.3823699951172, 301.6573190689087, 741.5388488769531, 494.7217798233032, 767.7478790283203, 449.7851228713989, 886.2042999267578, 352.35986709594727, 716.2548828125, 307.2330093383789, 476.22772216796875, 310.618257522583, 710.0920867919922, 484.87433910369873, 721.3336181640625, 454.79827880859375, 878.6917877197266
279.7188663482666, 763.0365753173828, 288.6644196510315, 499.7694396972656, 297.08930253982544, 742.5670623779297, 495.6864309310913, 775.0590515136719, 418.75518321990967, 881.4270782470703, 344.40720319747925, 718.4642028808594, 312.9209232330322, 475.3398895263672, 313.3394122123718, 709.2292785644531, 488.0446672439575, 729.6543884277344, 439.2655849456787, 873.9568328857422
278.84249210357666, 759.2828369140625, 296.06815338134766, 503.6165237426758, 296.21758460998535, 738.5797119140625, 494.906530380249, 775.9053039550781, 413.011736869812, 883.1208801269531, 332.72367238998413, 717.5971984863281, 317.72769927978516, 470.4351806640625, 316.906943321228, 703.0928039550781, 487.5698947906494, 727.7413940429688, 441.99684619903564, 872.2704315185547
283.0003881454468, 755.7430267333984, 303.81214141845703, 499.90482330322266, 298.94118547439575, 736.6548156738281, 498.61480236053467, 785.4324340820312, 419.31578636169434, 886.6526794433594, 345.04250049591064, 718.7579345703125, 321.66539669036865, 469.84169006347656, 317.83745527267456, 701.756591796875, 493.3030843734741, 704.1805267333984, 450.5543804168701, 863.6550140380859
287.4428129196167, 755.2114105224609, 310.7618308067322, 497.5898742675781, 299.3007731437683, 736.7583465576172, 496.0294532775879, 788.4455871582031, 401.6414451599121, 906.9132995605469, 336.5033769607544, 716.7591094970703, 324.60018396377563, 468.38871002197266, 310.8378553390503, 701.7177581787109, 487.158465385437, 721.8637084960938, 461.895489692688, 879.9065399169922
290.6113815307617, 752.2105407714844, 318.37104320526123, 498.51551055908203, 298.89893531799316, 736.0387420654297, 499.34380531311035, 788.8915252685547, 407.19091415405273, 911.2773132324219, 333.42568159103394, 718.4217071533203, 332.8553366661072, 468.631591796875, 319.6349859237671, 699.5777130126953, 497.3214626312256, 721.3455200195312, 484.53959941864014, 883.6489868164062
287.1986675262451, 752.525634765625, 328.0409646034241, 499.31610107421875, 303.9447283744812, 739.1815185546875, 506.3811492919922, 781.8589019775391, 422.3074150085449, 911.0250091552734, 314.4560480117798, 713.0806732177734, 332.71644115448, 468.7164306640625, 312.01504468917847, 705.0068664550781, 494.72328186035156, 725.0708770751953, 479.47176933288574, 883.7855529785156
290.979208946228, 759.0137481689453, 335.7873773574829, 501.28833770751953, 304.2357802391052, 737.6856994628906, 508.2432460784912, 783.8739013671875, 419.710693359375, 916.8824768066406, 330.8241319656372, 721.3417053222656, 345.43388843536377, 470.42381286621094, 315.2192974090576, 703.685302734375, 495.6013298034668, 732.9693603515625, 486.7275094985962, 889.5712280273438
291.08057498931885, 761.4710235595703, 339.2792272567749, 502.8752899169922, 306.55245780944824, 739.5108795166016, 507.36798763275146, 779.5890045166016, 440.0195646286011, 908.590087890625, 327.55496978759766, 726.2331390380859, 348.1201100349426, 472.4537658691406, 313.1417441368103, 703.2032775878906, 488.89735221862793, 733.9888763427734, 468.5915279388428, 879.9711608886719
288.2539129257202, 759.2491912841797, 346.4675045013428, 502.0271301269531, 310.36776065826416, 735.1998901367188, 510.20009994506836, 775.6694030761719, 455.200138092041, 911.5111541748047, 335.0840377807617, 719.7383117675781, 356.33410692214966, 466.3639831542969, 312.51245498657227, 700.2819061279297, 488.3268356323242, 737.8089904785156, 466.10801696777344, 884.0882110595703
293.7817096710205, 764.94140625, 354.8309540748596, 509.52980041503906, 323.41153621673584, 735.4665374755859, 511.10836029052734, 787.2274780273438, 428.88736724853516, 898.4320068359375, 326.3298010826111, 722.7348327636719, 356.6574954986572, 467.69519805908203, 316.1232876777649, 698.3927154541016, 475.251259803772, 734.5313262939453, 428.73042583465576, 856.6100311279297
288.7128496170044, 759.0931701660156, 355.97190141677856, 502.6691436767578, 311.83653831481934, 735.0518035888672, 510.83473205566406, 781.2166595458984, 433.43613624572754, 894.2510223388672, 358.912718296051, 726.6448974609375, 376.4464044570923, 475.2008819580078, 321.08702659606934, 700.1161193847656, 488.05737018585205, 729.9006652832031, 438.18214416503906, 864.0864562988281
300.4333734512329, 763.4152984619141, 361.03760719299316, 504.1395568847656, 315.93042612075806, 732.0979309082031, 511.29186630249023, 776.8193817138672, 452.3920154571533, 903.2942199707031, 338.02873849868774, 732.7122497558594, 370.06420612335205, 474.8487854003906, 314.56406593322754, 698.9717864990234, 489.2804145812988, 734.1560363769531, 462.53767490386963, 880.3191375732422
295.8661723136902, 755.1713562011719, 363.79594802856445, 504.2236328125, 314.7784495353699, 732.0400238037109, 510.70512771606445, 778.9152526855469, 435.8999490737915, 895.7933807373047, 355.22356510162354, 723.5690307617188, 383.6415481567383, 476.2830352783203, 323.84650468826294, 700.5631256103516, 501.44824504852295, 743.6904907226562, 445.74880599975586, 883.8348388671875
290.6028413772583, 752.1309661865234, 361.94586753845215, 497.71575927734375, 310.9172058105469, 729.3540954589844, 512.0349884033203, 770.8218383789062, 468.1066703796387, 893.5630798339844, 345.7133102416992, 717.0508575439453, 388.99377822875977, 476.8536376953125, 328.79584550857544, 701.40869140625, 495.09334087371826, 739.2076110839844, 487.28047370910645, 888.13232421875
291.7307209968567, 745.3807067871094, 368.8994836807251, 497.3699951171875, 312.89403676986694, 728.8996124267578, 512.3639345169067, 773.5281372070312, 460.79638481140137, 900.4072570800781, 338.063907623291, 718.726806640625, 392.6793909072876, 478.1328582763672, 315.9227657318115, 704.0898132324219, 490.60049057006836, 749.4138336181641, 462.67358779907227, 890.2595520019531
290.7976770401001, 756.4824676513672, 374.2994785308838, 502.92449951171875, 319.5283842086792, 733.4792327880859, 511.4176082611084, 775.8106231689453, 448.89012336730957, 887.9399108886719, 355.6442642211914, 723.7052917480469, 389.218225479126, 475.5868911743164, 319.49390172958374, 702.8880310058594, 482.059006690979, 742.4580383300781, 454.2061758041382, 888.6003112792969
293.70596408843994, 759.2478179931641, 375.94099044799805, 503.84727478027344, 318.88049125671387, 735.4549407958984, 511.2501096725464, 780.5373382568359, 431.2425184249878, 888.2180023193359, 343.734655380249, 726.3339233398438, 386.33328437805176, 475.0287628173828, 315.94173431396484, 703.8001251220703, 485.2131128311157, 743.8998413085938, 435.8515405654907, 879.9202728271484
293.76033782958984, 759.5252227783203, 381.2402629852295, 498.99234771728516, 320.88940143585205, 736.9879150390625, 512.4971866607666, 780.7595825195312, 426.8019390106201, 892.4394989013672, 342.0187282562256, 736.3677978515625, 387.1723222732544, 477.1105194091797, 314.2134475708008, 704.2569732666016, 482.23766326904297, 742.4637603759766, 429.5408821105957, 883.4253692626953
297.9423522949219, 756.7521667480469, 379.436616897583, 501.3652801513672, 320.6683874130249, 736.1829376220703, 509.87239837646484, 780.6822204589844, 421.6027879714966, 879.0721130371094, 350.6437039375305, 729.1230773925781, 389.4179105758667, 476.7179870605469, 315.21262407302856, 704.5547485351562, 482.8753852844238, 738.8442993164062, 423.4268617630005, 866.9023132324219
297.1386981010437, 760.2770233154297, 380.6196641921997, 499.79225158691406, 319.07341718673706, 734.5375823974609, 509.6194553375244, 781.8589782714844, 417.90258407592773, 891.6626739501953, 351.3549828529358, 733.4384155273438, 390.71403980255127, 476.6344451904297, 316.1543798446655, 704.686279296875, 484.00800704956055, 746.7332458496094, 422.3401165008545, 880.5644989013672
294.7192597389221, 755.3081512451172, 378.10057640075684, 498.02764892578125, 315.0683641433716, 734.3543243408203, 509.1401767730713, 779.9597930908203, 415.40602684020996, 896.954345703125, 357.49080419540405, 731.90185546875, 393.7135648727417, 480.77178955078125, 315.3329372406006, 707.1593475341797, 482.81328678131104, 755.3961944580078, 419.3158292770386, 896.4148712158203
292.7643156051636, 754.9742889404297, 372.5393486022949, 499.0717315673828, 307.57601022720337, 727.7413177490234, 509.0435314178467, 774.8009490966797, 433.8994073867798, 890.4814910888672, 368.58710289001465, 728.6952209472656, 399.97517108917236, 481.1643600463867, 326.0400152206421, 702.4671936035156, 493.8067817687988, 753.8048553466797, 447.8113603591919, 895.2674865722656
301.8493437767029, 756.3404083251953, 374.9655246734619, 496.0688018798828, 314.0235900878906, 731.3111877441406, 512.8036022186279, 774.5687866210938, 452.0658588409424, 891.6291046142578, 368.702974319458, 726.0082244873047, 391.40536308288574, 479.81658935546875, 317.73911476135254, 704.1869354248047, 483.6194086074829, 746.8106842041016, 455.2803897857666, 897.9545593261719
296.5812277793884, 747.042236328125, 375.1104927062988, 492.7573776245117, 313.83304595947266, 728.9433288574219, 513.1720733642578, 770.6314086914062, 437.84770488739014, 886.7616271972656, 358.1187844276428, 725.0785064697266, 392.8620386123657, 481.16600036621094, 326.4224338531494, 704.559326171875, 491.3069200515747, 756.9326782226562, 449.43102836608887, 885.8449554443359
301.33038997650146, 750.0971984863281, 378.8495349884033, 492.2136688232422, 312.72913455963135, 730.1486206054688, 509.04305934906006, 772.2960662841797, 422.0218563079834, 883.6493682861328, 357.600474357605, 729.3335723876953, 389.174280166626, 478.61846923828125, 327.91852712631226, 710.4679870605469, 487.0216941833496, 752.0883941650391, 431.52554512023926, 884.5793914794922
300.32951831817627, 751.9880676269531, 379.5457935333252, 495.5760192871094, 314.84906673431396, 728.8584899902344, 508.65055561065674, 776.4807891845703, 438.3502006530762, 895.2954864501953, 355.6135153770447, 728.5735321044922, 390.72352409362793, 478.79234313964844, 318.52590322494507, 704.0851593017578, 496.84887886047363, 754.9069976806641, 450.40700912475586, 890.4844665527344
296.83090925216675, 757.5679016113281, 369.7253465652466, 501.17149353027344, 314.62058544158936, 732.0700836181641, 513.1041383743286, 773.2658386230469, 452.99046993255615, 891.0272979736328, 340.165536403656, 724.1136932373047, 385.92082500457764, 476.24969482421875, 312.27599143981934, 699.1853332519531, 480.5219078063965, 735.9713745117188, 440.6135129928589, 879.3984985351562
297.3229122161865, 753.2035064697266, 369.0626049041748, 502.67333984375, 319.86533403396606, 733.1060028076172, 514.3434906005859, 777.342529296875, 440.46850204467773, 902.333984375, 348.83928537368774, 719.4558715820312, 382.75521755218506, 472.23655700683594, 317.4312400817871, 697.4643707275391, 485.4225826263428, 734.3709564208984, 443.6127805709839, 879.0977478027344
308.39807510375977, 744.7694396972656, 369.78418350219727, 510.7533645629883, 321.9271159172058, 738.9364624023438, 512.6712512969971, 778.3824920654297, 441.07511043548584, 906.9147491455078, 337.3844075202942, 706.3068389892578, 369.91387367248535, 466.40331268310547, 306.85091257095337, 695.8220672607422, 471.8750238418579, 726.7535400390625, 453.44640254974365, 865.5065155029297
298.98053884506226, 751.7263031005859, 369.134316444397, 499.9720001220703, 318.3959126472473, 739.7756195068359, 513.8032722473145, 782.2806549072266, 456.370267868042, 895.4618072509766, 298.8591527938843, 678.8814544677734, 366.2804889678955, 469.1117858886719, 307.26468086242676, 699.4020080566406, 474.8151111602783, 733.5343933105469, 452.43184089660645, 874.6990966796875
277.75403022766113, 717.7555084228516, 360.8323860168457, 500.83606719970703, 317.0815443992615, 741.3196563720703, 512.1327924728394, 785.6636810302734, 438.32149028778076, 903.4004974365234, 278.4454607963562, 678.0474853515625, 367.61571407318115, 468.66851806640625, 320.4359793663025, 698.5588836669922, 489.8009777069092, 735.8516693115234, 447.42284774780273, 874.7798156738281
217.20871925354004, 650.8795166015625, 363.0110692977905, 489.3859100341797, 312.47638463974, 735.1312255859375, 510.8520269393921, 785.9161376953125, 439.84331130981445, 908.079833984375, 171.8463635444641, 609.809684753418, 362.2968292236328, 468.680419921875, 319.9024558067322, 707.9121398925781, 492.1364736557007, 733.0803680419922, 462.6328182220459, 886.0904693603516
235.17539978027344, 706.7517852783203, 354.8206114768982, 494.42787170410156, 309.8505234718323, 736.4147186279297, 507.9686737060547, 792.1471405029297, 451.2984037399292, 929.0767669677734, 239.11251783370972, 665.9482574462891, 361.67738914489746, 468.5348129272461, 325.1561951637268, 702.1115875244141, 507.6444911956787, 731.5835571289062, 466.4431428909302, 890.5596160888672
197.42620468139648, 653.9797210693359, 348.8188147544861, 489.6147918701172, 307.0833420753479, 754.4231414794922, 512.9770660400391, 781.3545227050781, 445.45565128326416, 928.22265625, 233.07194709777832, 629.6823120117188, 351.5306782722473, 464.0412139892578, 317.9580044746399, 713.2662963867188, 484.0568447113037, 735.4816436767578, 441.76995277404785, 889.639892578125
189.05088901519775, 709.7393798828125, 346.49561405181885, 487.84839630126953, 297.73056507110596, 750.3015899658203, 515.7429599761963, 785.196533203125, 446.4617156982422, 944.2575073242188, 295.946102142334, 693.0033874511719, 351.95079803466797, 468.0278778076172, 322.28464365005493, 718.4056091308594, 499.88728523254395, 732.5563049316406, 450.5002212524414, 885.0755310058594
187.66392946243286, 723.0242156982422, 337.8324007987976, 482.7037811279297, 317.948842048645, 749.8551940917969, 515.2882289886475, 776.6188049316406, 437.5335645675659, 930.4285430908203, 278.90356063842773, 683.0242919921875, 347.58753061294556, 465.9545135498047, 332.52289295196533, 715.4348754882812, 488.9650297164917, 724.9636077880859, 451.16360664367676, 870.6208038330078
186.33061408996582, 727.5986480712891, 335.2011966705322, 485.3160095214844, 310.07460594177246, 743.9100646972656, 511.8661165237427, 785.6621551513672, 437.5355815887451, 944.4054412841797, 270.9961938858032, 699.7579956054688, 345.57724714279175, 467.75840759277344, 326.71945095062256, 715.4283142089844, 486.9602394104004, 719.5933532714844, 459.5616674423218, 890.821533203125
187.0384168624878, 728.1396484375, 337.13738679885864, 494.5845413208008, 323.05630445480347, 740.3522491455078, 509.4032907485962, 788.0585479736328, 437.71217823028564, 929.8855590820312, 229.40817832946777, 667.9905700683594, 332.3150110244751, 468.25206756591797, 323.8574481010437, 710.4518127441406, 484.25163745880127, 708.5036468505859, 452.5536775588989, 871.0250854492188
185.92575073242188, 746.2955474853516, 327.97086238861084, 495.27732849121094, 308.07711124420166, 739.7428894042969, 506.4866781234741, 784.5980834960938, 442.09203243255615, 918.8247680664062, 310.8910918235779, 717.8325653076172, 336.0174250602722, 471.7092514038086, 325.698881149292, 712.7634429931641, 490.47311782836914, 725.1956939697266, 468.4866428375244, 890.8583068847656
179.07692313194275, 742.8671264648438, 321.9002938270569, 495.196533203125, 304.6088218688965, 741.1212158203125, 507.16070652008057, 777.5485229492188, 447.22500801086426, 923.5816192626953, 304.1684675216675, 713.0419158935547, 338.7208342552185, 475.39562225341797, 326.80721282958984, 714.2316436767578, 495.108060836792, 715.8435821533203, 483.96483421325684, 886.1647033691406
177.20062136650085, 748.8498687744141, 318.9340281486511, 492.5067138671875, 302.6318621635437, 738.7734985351562, 505.3195524215698, 780.0726318359375, 442.5256061553955, 925.3379058837891, 310.14565229415894, 719.344482421875, 341.12947940826416, 474.2915344238281, 328.46256494522095, 708.4004211425781, 497.2037887573242, 731.1759948730469, 474.2888832092285, 898.5687255859375
175.69976449012756, 750.4487609863281, 321.8168234825134, 496.85901641845703, 304.07302379608154, 736.6641998291016, 505.4268407821655, 787.8103637695312, 446.4270830154419, 924.0066528320312, 288.4240508079529, 711.5684509277344, 339.64587450027466, 474.7309875488281, 327.59284257888794, 699.8775482177734, 495.6053638458252, 722.3125457763672, 481.5705442428589, 878.3209991455078
173.7536609172821, 755.5279541015625, 322.54528999328613, 496.7887878417969, 300.7878112792969, 740.1271820068359, 503.49183082580566, 775.7747650146484, 453.8555145263672, 918.2862854003906, 281.3496494293213, 712.47314453125, 344.1238760948181, 475.80074310302734, 326.08694314956665, 714.5122528076172, 497.44797706604004, 727.4116516113281, 492.25135803222656, 896.6610717773438
176.94128394126892, 752.2699737548828, 322.9000496864319, 496.59706115722656, 303.8587260246277, 740.4376983642578, 508.47782135009766, 774.3540191650391, 434.535756111145, 932.7696990966797, 286.2670826911926, 703.5787200927734, 335.44105052948, 472.9791259765625, 322.12692975997925, 715.3662109375, 483.76540660858154, 736.6989135742188, 467.9435920715332, 904.7352600097656
180.75209140777588, 749.2610931396484, 325.5631613731384, 493.720703125, 300.1161861419678, 737.7651214599609, 510.1755952835083, 771.3878631591797, 448.27059745788574, 915.7434844970703, 285.8642363548279, 709.6401977539062, 344.22534942626953, 474.6808624267578, 323.56266260147095, 713.79638671875, 488.8995838165283, 730.1186370849609, 463.99829864501953, 890.218505859375
184.91389274597168, 741.9292449951172, 334.04597997665405, 492.2358703613281, 304.8125410079956, 747.3484802246094, 507.8506565093994, 772.0362854003906, 450.8914375305176, 907.6338958740234, 279.1334795951843, 696.1107635498047, 345.170259475708, 470.1026153564453, 318.69258642196655, 717.0207214355469, 478.84005546569824, 748.8211822509766, 459.4202184677124, 899.3387603759766
188.10760974884033, 745.3867340087891, 338.92682790756226, 495.3002166748047, 304.6903395652771, 731.7354583740234, 507.4873352050781, 778.4868621826172, 468.18803787231445, 926.5846252441406, 260.22143840789795, 687.1405792236328, 347.92014598846436, 464.2903137207031, 323.168420791626, 709.8800659179688, 485.096640586853, 742.0343780517578, 449.9242115020752, 899.2894744873047
194.23744440078735, 735.8023834228516, 341.66353940963745, 494.7938537597656, 302.0076370239258, 733.0481719970703, 507.6775360107422, 779.8750305175781, 465.14752864837646, 914.0159606933594, 279.5252752304077, 703.511962890625, 353.68683099746704, 471.60545349121094, 319.8755693435669, 713.3911895751953, 476.5888452529907, 748.2769012451172, 448.1093215942383, 897.2386169433594
191.01956605911255, 738.80859375, 350.99239110946655, 493.0059051513672, 298.06654930114746, 729.5772552490234, 507.10319995880127, 787.2785186767578, 431.3870143890381, 925.0079345703125, 289.8698043823242, 715.1283264160156, 368.799147605896, 474.8382568359375, 320.57888746261597, 700.7096099853516, 481.30648612976074, 744.2724609375, 462.72796154022217, 898.4523773193359
195.95401525497437, 737.8884124755859, 359.8412561416626, 489.36805725097656, 300.33501148223877, 728.3053588867188, 507.15147972106934, 785.1143646240234, 436.8294095993042, 935.128173828125, 287.5413465499878, 713.3460998535156, 376.561074256897, 474.8175811767578, 324.35108184814453, 699.5897674560547, 494.9704313278198, 724.1444396972656, 475.74809074401855, 902.0054626464844
202.20354080200195, 734.5349884033203, 371.913857460022, 496.1426544189453, 305.9071612358093, 733.7861633300781, 508.0258369445801, 786.9033050537109, 450.74286460876465, 916.710205078125, 292.6540017127991, 710.9883117675781, 376.76698207855225, 476.82125091552734, 320.5959677696228, 715.6668090820312, 487.0459842681885, 746.1930847167969, 451.942777633667, 904.6173095703125
204.13307905197144, 733.3348846435547, 382.1517848968506, 495.5391311645508, 308.4798073768616, 728.5777282714844, 508.54240894317627, 793.0784606933594, 432.54907608032227, 932.1469879150391, 287.3681616783142, 707.7659606933594, 378.8375186920166, 477.3991394042969, 316.00237369537354, 699.3468475341797, 497.90210723876953, 736.5863037109375, 458.6643934249878, 902.04345703125
212.68531322479248, 725.5828857421875, 391.22430324554443, 499.5484924316406, 313.1835865974426, 730.5201721191406, 512.9982233047485, 788.3318328857422, 419.2167806625366, 923.9442443847656, 314.3245339393616, 702.0256042480469, 384.7158908843994, 481.7389678955078, 327.6626229286194, 709.6080780029297, 479.5828342437744, 753.8352203369141, 421.8029451370239, 918.0633544921875
229.2832088470459, 717.9918670654297, 399.402551651001, 512.1046829223633, 321.33971214294434, 731.6915130615234, 512.4367189407349, 795.6971740722656, 417.2681665420532, 919.7556304931641, 344.0717124938965, 711.8024444580078, 387.6061964035034, 479.0574645996094, 325.4567313194275, 707.3154449462891, 481.6050052642822, 756.5013885498047, 426.62684440612793, 903.0633544921875
220.17749547958374, 727.1734619140625, 421.636905670166, 519.0389251708984, 320.6051301956177, 728.5896301269531, 513.4339427947998, 787.6873016357422, 427.6449680328369, 929.6649169921875, 270.7468342781067, 664.3144226074219, 397.3094415664673, 470.34332275390625, 323.38834047317505, 694.3050384521484, 485.3728437423706, 734.5781707763672, 451.7998266220093, 883.7522888183594
235.35834789276123, 722.889404296875, 437.20513343811035, 519.1254425048828, 327.4373173713684, 727.054443359375, 513.7850761413574, 789.2933654785156, 437.19470500946045, 913.6306762695312, 319.0859913825989, 709.844970703125, 441.1185836791992, 478.11279296875, 336.5356707572937, 702.4861145019531, 492.9178762435913, 736.7958831787109, 443.1256055831909, 880.1307678222656
248.49529266357422, 714.0701293945312, 460.5522394180298, 514.4862747192383, 328.18219900131226, 723.9502716064453, 512.2995185852051, 794.1069793701172, 432.1211242675781, 908.0287933349609, 349.9887943267822, 703.6204528808594, 470.877628326416, 485.6064987182617, 348.44727516174316, 696.7852783203125, 496.8564748764038, 722.1198272705078, 445.8300018310547, 843.81591796875
241.76867723464966, 722.6180267333984, 457.34633445739746, 526.6214752197266, 330.3058862686157, 720.8202362060547, 513.1217765808105, 789.1600799560547, 447.98744201660156, 904.5456695556641, 358.97651195526123, 701.9102478027344, 496.26055240631104, 505.31543731689453, 365.0908327102661, 701.4533233642578, 513.051438331604, 723.1430053710938, 484.83532905578613, 851.3105010986328
256.897988319397, 714.5004272460938, 469.4051170349121, 536.2487030029297, 331.0430860519409, 719.2522430419922, 504.8539638519287, 805.6443786621094, 426.8577289581299, 914.3413543701172, 369.8055124282837, 705.9252166748047, 526.0706663131714, 511.58679962158203, 367.8238534927368, 692.9659271240234, 511.3582992553711, 731.3449859619141, 484.5915699005127, 854.2594146728516
267.49889373779297, 704.5989227294922, 490.05048751831055, 535.5408477783203, 331.85553789138794, 713.0632781982422, 503.2830047607422, 806.1898803710938, 424.440221786499, 911.3047027587891, 401.12066745758057, 711.1478424072266, 503.0613899230957, 496.3728332519531, 360.0015878677368, 681.5012359619141, 499.9692964553833, 736.7957305908203, 474.23747062683105, 862.2184753417969
283.1287479400635, 701.572265625, 509.16614055633545, 533.3925628662109, 335.8242416381836, 713.1021881103516, 505.0315475463867, 805.4499816894531, 409.5883798599243, 886.8817901611328, 423.9755344390869, 690.4220581054688, 540.6225728988647, 484.0031433105469, 361.59473419189453, 672.6791381835938, 480.493369102478, 735.8132934570312, 433.5669422149658, 854.1194915771484
285.1124668121338, 695.8983612060547, 509.7706890106201, 514.782829284668, 352.6276159286499, 702.0748901367188, 497.61302947998047, 819.7667694091797, 395.9480810165405, 912.0753479003906, 450.85521697998047, 705.1595306396484, 560.379810333252, 477.1282958984375, 381.9677209854126, 666.8330383300781, 509.03327465057373, 749.9829864501953, 448.654088973999, 864.9063110351562
300.99183082580566, 687.1314239501953, 520.4850625991821, 501.8711853027344, 370.8449649810791, 697.1794128417969, 517.1745729446411, 802.0924377441406, 419.55572605133057, 923.3763122558594, 425.56769371032715, 681.1651611328125, 522.2401285171509, 452.53692626953125, 386.1451005935669, 668.7281799316406, 509.49774742126465, 762.2174835205078, 451.7103910446167, 899.9512481689453
312.2697687149048, 680.7613372802734, 538.3525228500366, 476.35887145996094, 370.70029735565186, 685.2693939208984, 522.907977104187, 791.7359924316406, 440.76616287231445, 922.7671813964844, 436.98785305023193, 663.3644104003906, 524.402117729187, 440.16700744628906, 391.343092918396, 654.5618438720703, 519.9687910079956, 752.5230407714844, 466.5764808654785, 892.7944183349609
328.3196783065796, 640.8297729492188, 538.6808681488037, 457.1875762939453, 390.5901002883911, 688.2044982910156, 546.3208723068237, 809.9953460693359, 437.0249319076538, 914.96337890625, 388.7235403060913, 625.6169891357422, 507.74903297424316, 425.03021240234375, 391.72074794769287, 652.8705596923828, 511.3305330276489, 755.1885223388672, 455.773401260376, 879.2691802978516
342.3577809333801, 622.4831008911133, 545.2897882461548, 439.1773223876953, 398.5303831100464, 662.0254516601562, 519.0590715408325, 803.7738800048828, 391.47758960723877, 880.3518676757812, 418.6304712295532, 617.9662322998047, 521.7093086242676, 417.70347595214844, 408.75526428222656, 630.2594757080078, 500.7509994506836, 733.9767456054688, 411.73715114593506, 837.8080749511719
359.84880924224854, 600.7477569580078, 547.2297763824463, 417.75634765625, 407.1746063232422, 658.9376831054688, 521.5882015228271, 835.3057861328125, 392.53369331359863, 928.7531280517578, 437.6066493988037, 601.5597534179688, 512.6599216461182, 392.6287841796875, 403.60357761383057, 626.9246292114258, 492.50515937805176, 764.9551391601562, 429.61246490478516, 871.6751098632812
343.13785314559937, 648.8524627685547, 538.9460849761963, 392.42218017578125, 406.6612958908081, 638.7372970581055, 477.1085500717163, 826.278076171875, 307.3375940322876, 899.0819549560547, 397.6709175109863, 626.3044357299805, 527.8864574432373, 379.63157653808594, 402.0286703109741, 624.7846603393555, 408.79260063171387, 789.2605590820312, 314.0464425086975, 882.9670715332031
358.95490407943726, 633.2064819335938, 542.9500007629395, 368.4986877441406, 413.9546728134155, 628.9597320556641, 500.6864547729492, 809.3714904785156, 355.0219702720642, 824.6990966796875, 409.12540912628174, 605.0288772583008, 524.552493095398, 357.2929382324219, 402.0875072479248, 607.7017974853516, 423.6202812194824, 740.6447601318359, 353.90331745147705, 812.4081420898438
400.7105255126953, 608.9187622070312, 549.8052549362183, 349.5357894897461, 425.27621269226074, 631.5296173095703, 518.4790706634521, 799.1660308837891, 409.26981925964355, 911.1204528808594, 411.6652250289917, 599.0512847900391, 514.2519521713257, 337.2599792480469, 402.3702335357666, 590.588493347168, 456.6983127593994, 753.0314636230469, 413.63465309143066, 859.2389678955078
379.1486120223999, 610.12939453125, 544.6881151199341, 323.6469268798828, 429.824595451355, 607.8455352783203, 472.1744441986084, 776.2176513671875, 403.70121002197266, 922.1263122558594, 406.79553508758545, 583.6195755004883, 517.0959949493408, 322.4898910522461, 415.23144721984863, 591.9272613525391, 426.02465629577637, 765.3987884521484, 395.54240226745605, 907.3768615722656
394.8703908920288, 613.3009719848633, 544.9387836456299, 307.1652603149414, 437.86208152770996, 599.2356491088867, 445.6954622268677, 813.7370300292969, 365.24309635162354, 994.8652648925781, 392.499361038208, 588.6890411376953, 504.9565315246582, 306.38988494873047, 407.27936267852783, 582.2118377685547, 376.1465549468994, 795.8483123779297, 347.62720584869385, 981.9305419921875
403.30162525177, 612.2740936279297, 543.1286144256592, 291.27933502197266, 438.4380912780762, 592.6413726806641, 435.1857089996338, 804.9711608886719, 375.3302192687988, 987.2483062744141, 407.6119136810303, 579.4316482543945, 507.1606206893921, 290.784854888916, 415.5924081802368, 576.4104080200195, 382.82615661621094, 786.6029357910156, 369.43262100219727, 970.5914306640625
405.13123512268066, 601.3587188720703, 538.5172748565674, 280.8274459838867, 443.778133392334, 574.7792816162109, 415.46486377716064, 790.3388977050781, 353.5219931602478, 978.9984130859375, 403.7671709060669, 587.4677276611328, 508.5361862182617, 277.9500198364258, 417.36146450042725, 559.5804977416992, 374.88733291625977, 785.809326171875, 335.6821060180664, 983.7454223632812
420.94377994537354, 600.1126861572266, 526.3702583312988, 260.74153900146484, 448.61589431762695, 553.3232879638672, 433.60822677612305, 765.6626892089844, 387.3838520050049, 953.8919067382812, 445.5359888076782, 579.6746826171875, 522.8224039077759, 261.72183990478516, 444.0374708175659, 540.4885864257812, 423.18524837493896, 759.3960571289062, 394.943904876709, 945.1494598388672
429.1738271713257, 608.3089447021484, 523.9735221862793, 255.1738166809082, 453.7083578109741, 560.2055740356445, 436.10156536102295, 768.2363128662109, 390.6175661087036, 951.4371490478516, 433.9396619796753, 593.60107421875, 515.7994794845581, 253.50210189819336, 442.05894470214844, 542.1956634521484, 430.6193447113037, 743.5424041748047, 400.2265691757202, 945.2955627441406
446.8705701828003, 622.0010375976562, 522.0475673675537, 254.9754524230957, 463.19857120513916, 569.6537017822266, 434.90856170654297, 782.0961761474609, 382.7545738220215, 966.8700408935547, 450.7207202911377, 594.68017578125, 511.832857131958, 252.3069953918457, 446.6950464248657, 554.1876983642578, 434.196982383728, 761.793212890625, 396.34886741638184, 958.5215759277344
455.42617321014404, 611.1765289306641, 523.7183046340942, 254.3156623840332, 478.03492069244385, 570.2338409423828, 451.9600296020508, 776.4044189453125, 402.3584747314453, 959.2002868652344, 449.77216243743896, 595.4878997802734, 501.44644260406494, 252.96066284179688, 453.46906185150146, 558.3831024169922, 436.7024230957031, 764.1525268554688, 400.70181369781494, 960.7083892822266
475.5900764465332, 605.305290222168, 521.7850542068481, 249.1410255432129, 486.23690128326416, 568.5254669189453, 458.2732629776001, 772.5936889648438, 416.26004219055176, 956.124267578125, 472.64041900634766, 575.3771209716797, 501.8689441680908, 244.50294494628906, 464.1413354873657, 549.1555023193359, 456.4181613922119, 747.108154296875, 437.4803924560547, 935.6719207763672
487.4769401550293, 589.5897674560547, 515.7885789871216, 243.28521728515625, 489.19355392456055, 542.7231597900391, 451.3034248352051, 743.3457183837891, 424.9497127532959, 925.4367828369141, 505.3726387023926, 562.933235168457, 509.1931343078613, 244.26366806030273, 493.5651683807373, 539.5341110229492, 470.9151792526245, 725.865478515625, 454.5879936218262, 892.459716796875
493.0434036254883, 576.087760925293, 516.8808174133301, 243.81900787353516, 488.11800956726074, 529.4286346435547, 458.7766170501709, 731.9503784179688, 436.31425380706787, 948.0149841308594, 496.1525344848633, 545.3438568115234, 504.24808502197266, 243.8288116455078, 494.4624423980713, 530.0272369384766, 463.07287216186523, 723.4323120117188, 449.9460983276367, 900.5290222167969
504.79405403137207, 596.5822601318359, 507.1666717529297, 248.89158248901367, 493.51109504699707, 534.1815948486328, 468.95025730133057, 741.6281127929688, 425.34058570861816, 919.8545837402344, 525.725154876709, 555.6871795654297, 513.3157539367676, 249.62081909179688, 507.9240846633911, 528.7939453125, 483.79278659820557, 722.4295043945312, 461.39342308044434, 880.8863830566406
512.0497941970825, 605.2616119384766, 506.4321756362915, 252.89148330688477, 498.7325620651245, 544.9819946289062, 469.4352865219116, 732.8630065917969, 428.1846284866333, 921.7287445068359, 528.1333065032959, 548.4820556640625, 509.7609043121338, 252.28031158447266, 507.1909189224243, 535.1486206054688, 483.00086975097656, 726.0003662109375, 456.8850374221802, 892.84423828125
515.6356716156006, 604.7763061523438, 501.9431447982788, 256.1637878417969, 503.21086406707764, 547.1920776367188, 478.0368947982788, 735.9745788574219, 433.3217668533325, 926.563720703125, 548.3840274810791, 555.5880737304688, 515.7736015319824, 257.4532127380371, 521.6736888885498, 540.068244934082, 498.11264991760254, 732.9108428955078, 462.7829360961914, 891.9122314453125
523.1128120422363, 606.6828536987305, 498.48957538604736, 259.89065170288086, 507.18413829803467, 552.972297668457, 487.8123664855957, 741.5711975097656, 437.0460033416748, 925.3591918945312, 558.7980365753174, 565.9978103637695, 517.5579357147217, 263.0316734313965, 529.4157028198242, 548.5422515869141, 514.0778017044067, 731.9656372070312, 463.71840476989746, 887.9554748535156
519.1831827163696, 601.6340255737305, 493.521523475647, 262.20897674560547, 503.2126235961914, 543.8004302978516, 490.52324295043945, 745.9859466552734, 430.1047468185425, 923.9642333984375, 568.343997001648, 562.1547317504883, 526.7229795455933, 265.20442962646484, 532.2386312484741, 540.4799652099609, 531.1560487747192, 733.2875823974609, 474.88489151000977, 887.5572204589844
569.6148490905762, 592.1643829345703, 508.39606761932373, 259.73949432373047, 522.3627805709839, 548.4963989257812, 520.1007556915283, 746.0559844970703, 428.386287689209, 915.7620239257812, 556.4509105682373, 554.2824554443359, 509.3060874938965, 261.2123489379883, 520.952410697937, 540.6708526611328, 516.2891864776611, 729.5519256591797, 457.6944637298584, 895.5525207519531
561.114091873169, 592.9103851318359, 509.9581003189087, 259.56872940063477, 521.7697334289551, 546.185417175293, 516.6600179672241, 742.3133087158203, 457.00206756591797, 924.241943359375, 547.744460105896, 563.6208343505859, 509.84707832336426, 261.5032958984375, 531.3507556915283, 542.3900604248047, 533.7218713760376, 734.9879455566406, 462.926230430603, 893.8935089111328
588.3196306228638, 597.3406219482422, 511.62347316741943, 258.6195945739746, 525.1344680786133, 554.5746994018555, 537.5085496902466, 756.3880920410156, 456.86898708343506, 919.3052673339844, 550.0909423828125, 563.7943649291992, 509.5515203475952, 254.50908660888672, 521.077036857605, 543.497428894043, 530.6007671356201, 740.9745788574219, 466.17964267730713, 889.8577880859375
591.227617263794, 591.4394378662109, 517.1829843521118, 258.3431625366211, 525.1203060150146, 549.4376373291016, 541.7249822616577, 751.6691589355469, 469.72655296325684, 913.1858825683594, 565.5157041549683, 557.3087310791016, 514.4654989242554, 253.27594757080078, 523.7292909622192, 537.0861053466797, 546.2293767929077, 731.7488098144531, 476.87453269958496, 887.5247955322266
594.0874099731445, 588.0228424072266, 530.3463220596313, 259.0284729003906, 534.7446298599243, 543.0881881713867, 550.576057434082, 747.9579162597656, 496.85325622558594, 908.7408447265625, 531.5249490737915, 527.1043014526367, 508.9303207397461, 252.1548080444336, 511.80474758148193, 528.3108520507812, 536.4102172851562, 722.4112701416016, 494.5564270019531, 882.4568176269531
598.7078046798706, 587.595100402832, 531.498212814331, 257.6835632324219, 537.0741176605225, 541.5856170654297, 554.6156787872314, 744.0290832519531, 509.72219467163086, 906.6874694824219, 529.5805835723877, 535.2092742919922, 513.489089012146, 253.0668830871582, 517.0928192138672, 529.468879699707, 527.2548294067383, 719.7103881835938, 502.48173236846924, 877.4246978759766
